counter is 1
2 5 -0.10 0.02 -1 1 0.407393944762 4.57851358715
counter is 2
2 5 -0.10 0.02 1 -1 -0.152780820115 2.46526032135
counter is 3
2 5 -0.10 0.02 1 1 -0.152780820115 2.46526032135
counter is 4
2 5 -0.10 0 -1 -1 0.272145892295 3.54112358715
counter is 5
2 5 -0.10 0 -1 1 0.272145892295 3.54112358715
counter is 6
2 5 -0.10 0 1 -1 -0.0333107964973 3.42361218772
counter is 7
2 5 -0.10 0 1 1 -0.0333107964973 3.42361218772
counter is 8
2 5 -0.10 0.02 -1 -1 0.407393944762 4.57851358715
counter is 9
2 5 -0.10 0.02 -1 1 0.407393944762 4.57851358715
counter is 10
2 5 -0.10 0.02 1 -1 -0.152780820115 2.46526032135
counter is 11
2 5 -0.10 0.02 1 1 -0.152780820115 2.46526032135
counter is 12
2 5 -0.05 0.02 -1 -1 0.537344789897 3.40249358715
counter is 13
2 5 -0.05 0.02 -1 1 0.537344789897 3.40249358715
counter is 14
2 5 -0.05 0.02 1 -1 -0.158231207942 2.35941032135
counter is 15
2 5 -0.05 0.02 1 1 -0.158231207942 2.35941032135
counter is 16
2 5 -0.05 0 -1 -1 0.364664772007 2.41728358715
counter is 17
2 5 -0.05 0 -1 1 0.364664772007 2.41728358715
counter is 18
2 5 -0.05 0 1 -1 -0.0406320998649 3.28249218772
counter is 19
2 5 -0.05 0 1 1 -0.0406320998649 3.28249218772
counter is 20
2 5 -0.05 0.02 -1 -1 0.537344789897 3.40249358715
counter is 21
2 5 -0.05 0.02 -1 1 0.537344789897 3.40249358715
counter is 22
2 5 -0.05 0.02 1 -1 -0.158231207942 2.35941032135
counter is 23
2 5 -0.05 0.02 1 1 -0.158231207942 2.35941032135
counter is 24
2 5 0.05 0.02 -1 -1 -0.33095546852 -0.195536412852
counter is 25
2 5 0.05 0.02 -1 1 -0.33095546852 -0.195536412852
counter is 26
2 5 0.05 0.02 1 -1 -0.165791383889 1.81543032135
counter is 27
2 5 0.05 0.02 1 1 -0.165791383889 1.81543032135
counter is 28
2 5 0.05 0 -1 -1 -0.451021438706 -0.271216412852
counter is 29
2 5 0.05 0 -1 1 -0.451021438706 -0.271216412852
counter is 30
2 5 0.05 0 1 -1 -0.137414574614 1.88206218772
counter is 31
2 5 0.05 0 1 1 -0.137414574614 1.88206218772
counter is 32
2 5 0.05 0.02 -1 -1 -0.33095546852 -0.195536412852
counter is 33
2 5 0.05 0.02 -1 1 -0.33095546852 -0.195536412852
counter is 34
2 5 0.05 0.02 1 -1 -0.165791383889 1.81543032135
counter is 35
2 5 0.05 0.02 1 1 -0.165791383889 1.81543032135
counter is 36
2 5 0.10 0.02 -1 -1 -0.477071317899 -0.347026412852
counter is 37
2 5 0.10 0.02 -1 1 -0.477071317899 -0.347026412852
counter is 38
2 5 0.10 0.02 1 -1 -0.399211525066 0.498880321352
counter is 39
2 5 0.10 0.02 1 1 -0.399211525066 0.498880321352
counter is 40
2 5 0.10 0 -1 -1 -0.538530757291 -0.378196412852
counter is 41
2 5 0.10 0 -1 1 -0.538530757291 -0.378196412852
counter is 42
2 5 0.10 0 1 -1 -0.369416727194 0.550932187721
counter is 43
2 5 0.10 0 1 1 -0.369416727194 0.550932187721
counter is 44
2 5 0.10 0.02 -1 -1 -0.477071317899 -0.347026412852
counter is 45
2 5 0.10 0.02 -1 1 -0.477071317899 -0.347026412852
counter is 46
2 5 0.10 0.02 1 -1 -0.399211525066 0.498880321352
counter is 47
2 5 0.10 0.02 1 1 -0.399211525066 0.498880321352
counter is 48
2 10 -0.10 0.02 -1 -1 0.308594119155 7.31249358715
counter is 49
2 10 -0.10 0.02 -1 1 0.308594119155 7.31249358715
counter is 50
2 10 -0.10 0.02 1 -1 -0.821851844583 7.01225032135
counter is 51
2 10 -0.10 0.02 1 1 -0.821851844583 7.01225032135
counter is 52
2 10 -0.10 0 -1 -1 0.219837111859 5.73736358715
counter is 53
2 10 -0.10 0 -1 1 0.219837111859 5.73736358715
counter is 54
2 10 -0.10 0 1 -1 -0.411654246742 7.95597218772
counter is 55
2 10 -0.10 0 1 1 -0.411654246742 7.95597218772
counter is 56
2 10 -0.10 0.02 -1 -1 0.308594119155 7.31249358715
counter is 57
2 10 -0.10 0.02 -1 1 0.308594119155 7.31249358715
counter is 58
2 10 -0.10 0.02 1 -1 -0.821851844583 7.01225032135
counter is 59
2 10 -0.10 0.02 1 1 -0.821851844583 7.01225032135
counter is 60
2 10 -0.05 0.02 -1 -1 0.383043598504 5.35251358715
counter is 61
2 10 -0.05 0.02 -1 1 0.383043598504 5.35251358715
counter is 62
2 10 -0.05 0.02 1 -1 -1.60116678917 6.85136032135
counter is 63
2 10 -0.05 0.02 1 1 -1.60116678917 6.85136032135
counter is 64
2 10 -0.05 0 -1 -1 0.259851675449 3.81802358715
counter is 65
2 10 -0.05 0 -1 1 0.259851675449 3.81802358715
counter is 66
2 10 -0.05 0 1 -1 -0.924978926335 7.82901218772
counter is 67
2 10 -0.05 0 1 1 -0.924978926335 7.82901218772
counter is 68
2 10 -0.05 0.02 -1 -1 0.383043598504 5.35251358715
counter is 69
2 10 -0.05 0.02 -1 1 0.383043598504 5.35251358715
counter is 70
2 10 -0.05 0.02 1 -1 -1.60116678917 6.85136032135
counter is 71
2 10 -0.05 0.02 1 1 -1.60116678917 6.85136032135
counter is 72
2 10 0.05 0.02 -1 -1 -0.362257552511 0.0314435871477
counter is 73
2 10 0.05 0.02 -1 1 -0.362257552511 0.0314435871477
counter is 74
2 10 0.05 0.02 1 -1 -0.173455566536 4.90670032135
counter is 75
2 10 0.05 0.02 1 1 -0.173455566536 4.90670032135
counter is 76
2 10 0.05 0 -1 -1 -0.388671836889 -0.0238564128523
counter is 77
2 10 0.05 0 -1 1 -0.388671836889 -0.0238564128523
counter is 78
2 10 0.05 0 1 -1 -0.25435373272 4.91353218772
counter is 79
2 10 0.05 0 1 1 -0.25435373272 4.91353218772
counter is 80
2 10 0.05 0.02 -1 -1 -0.362257552511 0.0314435871477
counter is 81
2 10 0.05 0.02 -1 1 -0.362257552511 0.0314435871477
counter is 82
2 10 0.05 0.02 1 -1 -0.173455566536 4.90670032135
counter is 83
2 10 0.05 0.02 1 1 -0.173455566536 4.90670032135
counter is 84
2 10 0.10 0.02 -1 -1 -0.551383258923 -0.246546412852
counter is 85
2 10 0.10 0.02 -1 1 -0.551383258923 -0.246546412852
counter is 86
2 10 0.10 0.02 1 -1 -0.829624621354 3.18177032135
counter is 87
2 10 0.10 0.02 1 1 -0.829624621354 3.18177032135
counter is 88
2 10 0.10 0 -1 -1 -0.573570461373 -0.277046412852
counter is 89
2 10 0.10 0 -1 1 -0.573570461373 -0.277046412852
counter is 90
2 10 0.10 0 1 -1 -1.51702950803 3.21294218772
counter is 91
2 10 0.10 0 1 1 -1.51702950803 3.21294218772
counter is 92
2 10 0.10 0.02 -1 -1 -0.551383258923 -0.246546412852
counter is 93
2 10 0.10 0.02 -1 1 -0.551383258923 -0.246546412852
counter is 94
2 10 0.10 0.02 1 -1 -0.829624621354 3.18177032135
counter is 95
2 10 0.10 0.02 1 1 -0.829624621354 3.18177032135
counter is 96
10 5 -0.10 0.02 -1 -1 -0.225239186716 1.95391895533
counter is 97
10 5 -0.10 0.02 -1 1 -0.225239186716 1.95391895533
counter is 98
10 5 -0.10 0.02 1 -1 -0.504138214517 0.208663587148
counter is 99
10 5 -0.10 0.02 1 1 -0.504138214517 0.208663587148
counter is 100
10 5 -0.10 0 -1 -1 -0.167993366215 1.88222823842
counter is 101
10 5 -0.10 0 -1 1 -0.167993366215 1.88222823842
counter is 102
10 5 -0.10 0 1 -1 -0.370420409951 0.779273587148
counter is 103
10 5 -0.10 0 1 1 -0.370420409951 0.779273587148
counter is 104
10 5 -0.10 0.02 -1 -1 -0.225239186716 1.95391895533
counter is 105
10 5 -0.10 0.02 -1 1 -0.225239186716 1.95391895533
counter is 106
10 5 -0.10 0.02 1 -1 -0.504138214517 0.208663587148
counter is 107
10 5 -0.10 0.02 1 1 -0.504138214517 0.208663587148
counter is 108
10 5 -0.05 0.02 -1 -1 -0.17935786879 1.67828438938
counter is 109
10 5 -0.05 0.02 -1 1 -0.17935786879 1.67828438938
counter is 110
10 5 -0.05 0.02 1 -1 -0.496988810624 0.238643587148
counter is 111
10 5 -0.05 0.02 1 1 -0.496988810624 0.238643587148
counter is 112
10 5 -0.05 0 -1 -1 -0.170026755483 1.60159438938
counter is 113
10 5 -0.05 0 -1 1 -0.170026755483 1.60159438938
counter is 114
10 5 -0.05 0 1 -1 -0.367623683564 0.783073587148
counter is 115
10 5 -0.05 0 1 1 -0.367623683564 0.783073587148
counter is 116
10 5 -0.05 0.02 -1 -1 -0.17935786879 1.67828438938
counter is 117
10 5 -0.05 0.02 -1 1 -0.17935786879 1.67828438938
counter is 118
10 5 -0.05 0.02 1 -1 -0.496988810624 0.238643587148
counter is 119
10 5 -0.05 0.02 1 1 -0.496988810624 0.238643587148
counter is 120
10 5 0.05 0.02 -1 -1 -0.707838937525 -0.342154005404
counter is 121
10 5 0.05 0.02 -1 1 -0.707838937525 -0.342154005404
counter is 122
10 5 0.05 0.02 1 -1 -0.409461296529 0.546134610858
counter is 123
10 5 0.05 0.02 1 1 -0.409461296529 0.546134610858
counter is 124
10 5 0.05 0 -1 -1 -0.691843206598 -0.331953903403
counter is 125
10 5 0.05 0 -1 1 -0.691843206598 -0.331953903403
counter is 126
10 5 0.05 0 1 -1 -0.420549220163 0.506634215854
counter is 127
10 5 0.05 0 1 1 -0.420549220163 0.506634215854
counter is 128
10 5 0.05 0.02 -1 -1 -0.707838937525 -0.342154005404
counter is 129
10 5 0.05 0.02 -1 1 -0.707838937525 -0.342154005404
counter is 130
10 5 0.05 0.02 1 -1 -0.409461296529 0.546134610858
counter is 131
10 5 0.05 0.02 1 1 -0.409461296529 0.546134610858
counter is 132
10 5 0.10 0.02 -1 -1 -1.11684348127 -0.57182561062
counter is 133
10 5 0.10 0.02 -1 1 -1.11684348127 -0.57182561062
counter is 134
10 5 0.10 0.02 1 -1 -0.382323545698 0.631703587148
counter is 135
10 5 0.10 0.02 1 1 -0.382323545698 0.631703587148
counter is 136
10 5 0.10 0 -1 -1 -1.11330792489 -0.56840561062
counter is 137
10 5 0.10 0 -1 1 -1.11330792489 -0.56840561062
counter is 138
10 5 0.10 0 1 -1 -0.3949985082 0.589363587148
counter is 139
10 5 0.10 0 1 1 -0.3949985082 0.589363587148
counter is 140
10 5 0.10 0.02 -1 -1 -1.11684348127 -0.57182561062
counter is 141
10 5 0.10 0.02 -1 1 -1.11684348127 -0.57182561062
counter is 142
10 5 0.10 0.02 1 -1 -0.382323545698 0.631703587148
counter is 143
10 5 0.10 0.02 1 1 -0.382323545698 0.631703587148
counter is 144
10 10 -0.10 0.02 -1 -1 -0.42094559392 4.98211923733
counter is 145
10 10 -0.10 0.02 -1 1 -0.42094559392 4.98211923733
counter is 146
10 10 -0.10 0.02 1 -1 -1.65612444646 4.77601358715
counter is 147
10 10 -0.10 0.02 1 1 -1.65612444646 4.77601358715
counter is 148
10 10 -0.10 0 -1 -1 -0.449718189791 4.13482076434
counter is 149
10 10 -0.10 0 -1 1 -0.449718189791 4.13482076434
counter is 150
10 10 -0.10 0 1 -1 -1.67102240007 6.74007358715
counter is 151
10 10 -0.10 0 1 1 -1.67102240007 6.74007358715
counter is 152
10 10 -0.10 0.02 -1 -1 -0.42094559392 4.98211923733
counter is 153
10 10 -0.10 0.02 -1 1 -0.42094559392 4.98211923733
counter is 154
10 10 -0.10 0.02 1 -1 -1.65612444646 4.77601358715
counter is 155
10 10 -0.10 0.02 1 1 -1.65612444646 4.77601358715
counter is 156
10 10 -0.05 0.02 -1 -1 -0.0797885966438 2.87619438938
counter is 157
10 10 -0.05 0.02 -1 1 -0.0797885966438 2.87619438938
counter is 158
10 10 -0.05 0.02 1 -1 -1.05548807441 4.59497358715
counter is 159
10 10 -0.05 0.02 1 1 -1.05548807441 4.59497358715
counter is 160
10 10 -0.05 0 -1 -1 -0.136767362544 2.02864438938
counter is 161
10 10 -0.05 0 -1 1 -0.136767362544 2.02864438938
counter is 162
10 10 -0.05 0 1 -1 -0.986191865229 6.45803358715
counter is 163
10 10 -0.05 0 1 1 -0.986191865229 6.45803358715
counter is 164
10 10 -0.05 0.02 -1 -1 -0.0797885966438 2.87619438938
counter is 165
10 10 -0.05 0.02 -1 1 -0.0797885966438 2.87619438938
counter is 166
10 10 -0.05 0.02 1 -1 -1.05548807441 4.59497358715
counter is 167
10 10 -0.05 0.02 1 1 -1.05548807441 4.59497358715
counter is 168
10 10 0.05 0.02 -1 -1 -0.661992487696 -0.251093094795
counter is 169
10 10 0.05 0.02 -1 1 -0.661992487696 -0.251093094795
counter is 170
10 10 0.05 0.02 1 -1 -0.0732197415469 3.48745402405
counter is 171
10 10 0.05 0.02 1 1 -0.0732197415469 3.48745402405
counter is 172
10 10 0.05 0 -1 -1 -0.72985689018 -0.330603889903
counter is 173
10 10 0.05 0 -1 1 -0.72985689018 -0.330603889903
counter is 174
10 10 0.05 0 1 -1 -0.0693979813715 3.52182436776
counter is 175
10 10 0.05 0 1 1 -0.0693979813715 3.52182436776
counter is 176
10 10 0.05 0.02 -1 -1 -0.661992487696 -0.251093094795
counter is 177
10 10 0.05 0.02 -1 1 -0.661992487696 -0.251093094795
counter is 178
10 10 0.05 0.02 1 -1 -0.0732197415469 3.48745402405
counter is 179
10 10 0.05 0.02 1 1 -0.0732197415469 3.48745402405
counter is 180
10 10 0.10 0.02 -1 -1 -0.998579784848 -0.56777561062
counter is 181
10 10 0.10 0.02 -1 1 -0.998579784848 -0.56777561062
counter is 182
10 10 0.10 0.02 1 -1 -0.110116551593 2.36935358715
counter is 183
10 10 0.10 0.02 1 1 -0.110116551593 2.36935358715
counter is 184
10 10 0.10 0 -1 -1 -1.04661989868 -0.60493561062
counter is 185
10 10 0.10 0 -1 1 -1.04661989868 -0.60493561062
counter is 186
10 10 0.10 0 1 -1 -0.114396573768 2.34916358715
counter is 187
10 10 0.10 0 1 1 -0.114396573768 2.34916358715
counter is 188
10 10 0.10 0.02 -1 -1 -0.998579784848 -0.56777561062
counter is 189
10 10 0.10 0.02 -1 1 -0.998579784848 -0.56777561062
counter is 190
10 10 0.10 0.02 1 -1 -0.110116551593 2.36935358715
counter is 191
10 10 0.10 0.02 1 1 -0.110116551593 2.36935358715
counter is 192
2 5 -0.10 0.02 -1 -1 -2.60129128113 -0.665416412852
counter is 193
2 5 -0.10 0.02 -1 1 -2.27006412361 -0.610686412852
counter is 194
2 5 -0.10 0.02 1 -1 -1.47189889863 11.3870330198
counter is 195
2 5 -0.10 0.02 1 1 0.733869532599 1.07862993581
counter is 196
2 5 -0.10 0 -1 -1 -2.48272870504 -0.652576412852
counter is 197
2 5 -0.10 0 -1 1 -2.48272870504 -0.652576412852
counter is 198
2 5 -0.10 0 1 -1 1.1351306425 15.7205963555
counter is 199
2 5 -0.10 0 1 1 1.1351306425 15.7205963555
counter is 200
2 5 -0.10 0.02 -1 -1 -2.60129128113 -0.665416412852
counter is 201
2 5 -0.10 0.02 -1 1 -2.27006412361 -0.610686412852
counter is 202
2 5 -0.10 0.02 1 -1 -1.47189889863 11.3870330198
counter is 203
2 5 -0.10 0.02 1 1 0.733869532599 1.07862993581
counter is 204
2 5 -0.05 0.02 -1 -1 -4.43328082209 -0.969696412852
counter is 205
2 5 -0.05 0.02 -1 1 -2.63599142449 -0.653296412852
counter is 206
2 5 -0.05 0.02 1 -1 -1.41453369282 11.2202213517
counter is 207
2 5 -0.05 0.02 1 1 0.729812188571 1.06307978031
counter is 208
2 5 -0.05 0 -1 -1 -3.86690175608 -0.890826412852
counter is 209
2 5 -0.05 0 -1 1 -3.86690175608 -0.890826412852
counter is 210
2 5 -0.05 0 1 -1 1.11283140067 15.6493756433
counter is 211
2 5 -0.05 0 1 1 1.11283140067 15.6493756433
counter is 212
2 5 -0.05 0.02 -1 -1 -4.43328082209 -0.969696412852
counter is 213
2 5 -0.05 0.02 -1 1 -2.63599142449 -0.653296412852
counter is 214
2 5 -0.05 0.02 1 -1 -1.41453369282 11.2202213517
counter is 215
2 5 -0.05 0.02 1 1 0.729812188571 1.06307978031
counter is 216
2 5 0.05 0.02 -1 -1 -1.41453369282 11.2202213517
counter is 217
2 5 0.05 0.02 -1 1 0.729812188571 1.06307978031
counter is 218
2 5 0.05 0.02 1 -1 -4.43328082209 -0.969696412852
counter is 219
2 5 0.05 0.02 1 1 -2.63599142449 -0.653296412852
counter is 220
2 5 0.05 0 -1 -1 1.11283140067 15.6493756433
counter is 221
2 5 0.05 0 -1 1 1.11283140067 15.6493756433
counter is 222
2 5 0.05 0 1 -1 -3.86690175608 -0.890826412852
counter is 223
2 5 0.05 0 1 1 -3.86690175608 -0.890826412852
counter is 224
2 5 0.05 0.02 -1 -1 -1.41453369282 11.2202213517
counter is 225
2 5 0.05 0.02 -1 1 0.729812188571 1.06307978031
counter is 226
2 5 0.05 0.02 1 -1 -4.43328082209 -0.969696412852
counter is 227
2 5 0.05 0.02 1 1 -2.63599142449 -0.653296412852
counter is 228
2 5 0.10 0.02 -1 -1 -1.47189889863 11.3870330198
counter is 229
2 5 0.10 0.02 -1 1 0.733869532599 1.07862993581
counter is 230
2 5 0.10 0.02 1 -1 -2.60129128113 -0.665416412852
counter is 231
2 5 0.10 0.02 1 1 -2.27006412361 -0.610686412852
counter is 232
2 5 0.10 0 -1 -1 1.1351306425 15.7205963555
counter is 233
2 5 0.10 0 -1 1 1.1351306425 15.7205963555
counter is 234
2 5 0.10 0 1 -1 -2.48272870504 -0.652576412852
counter is 235
2 5 0.10 0 1 1 -2.48272870504 -0.652576412852
counter is 236
2 5 0.10 0.02 -1 -1 -1.47189889863 11.3870330198
counter is 237
2 5 0.10 0.02 -1 1 0.733869532599 1.07862993581
counter is 238
2 5 0.10 0.02 1 -1 -2.60129128113 -0.665416412852
counter is 239
2 5 0.10 0.02 1 1 -2.27006412361 -0.610686412852
counter is 240
2 10 -0.10 0.02 -1 -1 -2.78554756746 -0.685766412852
counter is 241
2 10 -0.10 0.02 -1 1 -2.40548845855 -0.623926412852
counter is 242
2 10 -0.10 0.02 1 -1 -0.715432568839 19.4440435899
counter is 243
2 10 -0.10 0.02 1 1 0.979313185626 1.35208267034
counter is 244
2 10 -0.10 0 -1 -1 -2.67085772463 -0.672446412852
counter is 245
2 10 -0.10 0 -1 1 -2.67085772463 -0.672446412852
counter is 246
2 10 -0.10 0 1 -1 -1.69803341933 21.1741808913
counter is 247
2 10 -0.10 0 1 1 -1.69803341933 21.1741808913
counter is 248
2 10 -0.10 0.02 -1 -1 -2.78554756746 -0.685766412852
counter is 249
2 10 -0.10 0.02 -1 1 -2.40548845855 -0.623926412852
counter is 250
2 10 -0.10 0.02 1 -1 -0.715432568839 19.4440435899
counter is 251
2 10 -0.10 0.02 1 1 0.979313185626 1.35208267034
counter is 252
2 10 -0.05 0.02 -1 -1 -4.2556987209 -1.03005641285
counter is 253
2 10 -0.05 0.02 -1 1 -2.79041140416 -0.672026412852
counter is 254
2 10 -0.05 0.02 1 -1 -1.67667469927 19.3824129736
counter is 255
2 10 -0.05 0.02 1 1 0.976097857652 1.33430249254
counter is 256
2 10 -0.05 0 -1 -1 -3.77955483682 -0.936516412852
counter is 257
2 10 -0.05 0 -1 1 -3.77955483682 -0.936516412852
counter is 258
2 10 -0.05 0 1 -1 -0.469279756826 21.0974001235
counter is 259
2 10 -0.05 0 1 1 -0.469279756826 21.0974001235
counter is 260
2 10 -0.05 0.02 -1 -1 -4.2556987209 -1.03005641285
counter is 261
2 10 -0.05 0.02 -1 1 -2.79041140416 -0.672026412852
counter is 262
2 10 -0.05 0.02 1 -1 -1.67667469927 19.3824129736
counter is 263
2 10 -0.05 0.02 1 1 0.976097857652 1.33430249254
counter is 264
2 10 0.05 0.02 -1 -1 -1.67667469927 19.3824129736
counter is 265
2 10 0.05 0.02 -1 1 0.976097857652 1.33430249254
counter is 266
2 10 0.05 0.02 1 -1 -4.2556987209 -1.03005641285
counter is 267
2 10 0.05 0.02 1 1 -2.79041140416 -0.672026412852
counter is 268
2 10 0.05 0 -1 -1 -0.469279756826 21.0974001235
counter is 269
2 10 0.05 0 -1 1 -0.469279756826 21.0974001235
counter is 270
2 10 0.05 0 1 -1 -3.77955483682 -0.936516412852
counter is 271
2 10 0.05 0 1 1 -3.77955483682 -0.936516412852
counter is 272
2 10 0.05 0.02 -1 -1 -1.67667469927 19.3824129736
counter is 273
2 10 0.05 0.02 -1 1 0.976097857652 1.33430249254
counter is 274
2 10 0.05 0.02 1 -1 -4.2556987209 -1.03005641285
counter is 275
2 10 0.05 0.02 1 1 -2.79041140416 -0.672026412852
counter is 276
2 10 0.10 0.02 -1 -1 -0.715432568839 19.4440435899
counter is 277
2 10 0.10 0.02 -1 1 0.979313185626 1.35208267034
counter is 278
2 10 0.10 0.02 1 -1 -2.78554756746 -0.685766412852
counter is 279
2 10 0.10 0.02 1 1 -2.40548845855 -0.623926412852
counter is 280
2 10 0.10 0 -1 -1 -1.69803341933 21.1741808913
counter is 281
2 10 0.10 0 -1 1 -1.69803341933 21.1741808913
counter is 282
2 10 0.10 0 1 -1 -2.67085772463 -0.672446412852
counter is 283
2 10 0.10 0 1 1 -2.67085772463 -0.672446412852
counter is 284
2 10 0.10 0.02 -1 -1 -0.715432568839 19.4440435899
counter is 285
2 10 0.10 0.02 -1 1 0.979313185626 1.35208267034
counter is 286
2 10 0.10 0.02 1 -1 -2.78554756746 -0.685766412852
counter is 287
2 10 0.10 0.02 1 1 -2.40548845855 -0.623926412852
counter is 288
10 5 -0.10 0.02 -1 -1 -1.64951528387 -1.87700641285
counter is 289
10 5 -0.10 0.02 -1 1 -4.64275310092 -1.48639641285
counter is 290
10 5 -0.10 0.02 1 -1 -1.54340145114 9.89689811849
counter is 291
10 5 -0.10 0.02 1 1 2.16452229221 23.5628847784
counter is 292
10 5 -0.10 0 -1 -1 -1.16103349075 -1.70852641285
counter is 293
10 5 -0.10 0 -1 1 -1.16103349075 -1.70852641285
counter is 294
10 5 -0.10 0 1 -1 0.853356608885 19.7792369419
counter is 295
10 5 -0.10 0 1 1 0.853356608885 19.7792369419
counter is 296
10 5 -0.10 0.02 -1 -1 -1.64951528387 -1.87700641285
counter is 297
10 5 -0.10 0.02 -1 1 -4.64275310092 -1.48639641285
counter is 298
10 5 -0.10 0.02 1 -1 -1.5430928601 9.89599810949
counter is 299
10 5 -0.10 0.02 1 1 2.16455656814 23.5598547481
counter is 300
10 5 -0.05 0.02 -1 -1 -1.39723982169 -4.60195687006
counter is 301
10 5 -0.05 0.02 -1 1 -0.43305691134 -2.23554320592
counter is 302
10 5 -0.05 0.02 1 -1 -1.61997265918 9.78894703898
counter is 303
10 5 -0.05 0.02 1 1 2.12031748665 22.6813359629
counter is 304
10 5 -0.05 0 -1 -1 -0.493915776974 -3.32074405793
counter is 305
10 5 -0.05 0 -1 1 -0.493915776974 -3.32074405793
counter is 306
10 5 -0.05 0 1 -1 0.814329964833 19.570444854
counter is 307
10 5 -0.05 0 1 1 0.814329964833 19.570444854
counter is 308
10 5 -0.05 0.02 -1 -1 -1.39723982169 -4.60195687006
counter is 309
10 5 -0.05 0.02 -1 1 -0.43305691134 -2.23554320592
counter is 310
10 5 -0.05 0.02 1 -1 -1.61997265918 9.78894703898
counter is 311
10 5 -0.05 0.02 1 1 2.12031748665 22.6813359629
counter is 312
10 5 0.05 0.02 -1 -1 -1.61997265918 9.78894703898
counter is 313
10 5 0.05 0.02 -1 1 2.12031748665 22.6813359629
counter is 314
10 5 0.05 0.02 1 -1 -1.39723982169 -4.60195687006
counter is 315
10 5 0.05 0.02 1 1 -0.43305691134 -2.23554320592
counter is 316
10 5 0.05 0 -1 -1 0.814329964833 19.570444854
counter is 317
10 5 0.05 0 -1 1 0.814329964833 19.570444854
counter is 318
10 5 0.05 0 1 -1 -0.493915776974 -3.32074405793
counter is 319
10 5 0.05 0 1 1 -0.493915776974 -3.32074405793
counter is 320
10 5 0.05 0.02 -1 -1 -1.61997265918 9.78894703898
counter is 321
10 5 0.05 0.02 -1 1 2.12031748665 22.6813359629
counter is 322
10 5 0.05 0.02 1 -1 -1.39723982169 -4.60195687006
counter is 323
10 5 0.05 0.02 1 1 -0.43305691134 -2.23554320592
counter is 324
10 5 0.10 0.02 -1 -1 -1.5430928601 9.89599810949
counter is 325
10 5 0.10 0.02 -1 1 2.16455656814 23.5598547481
counter is 326
10 5 0.10 0.02 1 -1 -1.64951528387 -1.87700641285
counter is 327
10 5 0.10 0.02 1 1 -4.64275310092 -1.48639641285
counter is 328
10 5 0.10 0 -1 -1 0.853254548837 19.7769969195
counter is 329
10 5 0.10 0 -1 1 0.853254548837 19.7769969195
counter is 330
10 5 0.10 0 1 -1 -1.16103349075 -1.70852641285
counter is 331
10 5 0.10 0 1 1 -1.16103349075 -1.70852641285
counter is 332
10 5 0.10 0.02 -1 -1 -1.5430928601 9.89599810949
counter is 333
10 5 0.10 0.02 -1 1 2.16455656814 23.5598547481
counter is 334
10 5 0.10 0.02 1 -1 -1.64951528387 -1.87700641285
counter is 335
10 5 0.10 0.02 1 1 -4.64275310092 -1.48639641285
counter is 336
10 10 -0.10 0.02 -1 -1 -0.520350164228 -2.52696641285
counter is 337
10 10 -0.10 0.02 -1 1 -0.568234385412 -1.90327641285
counter is 338
10 10 -0.10 0.02 1 -1 -2.11561618464 19.2238813883
counter is 339
10 10 -0.10 0.02 1 1 1.58126660044 34.2223213727
counter is 340
10 10 -0.10 0 -1 -1 -1.4363391673 -2.24787641285
counter is 341
10 10 -0.10 0 -1 1 -1.4363391673 -2.24787641285
counter is 342
10 10 -0.10 0 1 -1 -0.253090705411 29.1891310408
counter is 343
10 10 -0.10 0 1 1 -0.253090705411 29.1891310408
counter is 344
10 10 -0.10 0.02 -1 -1 -0.520350164228 -2.52696641285
counter is 345
10 10 -0.10 0.02 -1 1 -0.568234385412 -1.90327641285
counter is 346
10 10 -0.10 0.02 1 -1 -2.11561618464 19.2238813883
counter is 347
10 10 -0.10 0.02 1 1 1.58126660044 34.2223213727
counter is 348
10 10 -0.05 0.02 -1 -1 -0.561004747463 -6.13202217071
counter is 349
10 10 -0.05 0.02 -1 1 -0.823865216087 -2.96625051299
counter is 350
10 10 -0.05 0.02 1 -1 -1.73417820893 19.1113602631
counter is 351
10 10 -0.05 0.02 1 1 1.54470683277 32.8631977815
counter is 352
10 10 -0.05 0 -1 -1 -1.53553947233 -4.39853483584
counter is 353
10 10 -0.05 0 -1 1 -1.53553947233 -4.39853483584
counter is 354
10 10 -0.05 0 1 -1 -0.10331172883 28.9362085116
counter is 355
10 10 -0.05 0 1 1 -0.10331172883 28.9362085116
counter is 356
10 10 -0.05 0.02 -1 -1 -0.561004747463 -6.13202217071
counter is 357
10 10 -0.05 0.02 -1 1 -0.823865216087 -2.96625051299
counter is 358
10 10 -0.05 0.02 1 -1 -1.73417820893 19.1113602631
counter is 359
10 10 -0.05 0.02 1 1 1.54470683277 32.8631977815
counter is 360
10 10 0.05 0.02 -1 -1 -1.73417820893 19.1113602631
counter is 361
10 10 0.05 0.02 -1 1 1.54470683277 32.8631977815
counter is 362
10 10 0.05 0.02 1 -1 -0.561004747463 -6.13202217071
counter is 363
10 10 0.05 0.02 1 1 -0.823865216087 -2.96625051299
counter is 364
10 10 0.05 0 -1 -1 -0.10331172883 28.9362085116
counter is 365
10 10 0.05 0 -1 1 -0.10331172883 28.9362085116
counter is 366
10 10 0.05 0 1 -1 -1.53553947233 -4.39853483584
counter is 367
10 10 0.05 0 1 1 -1.53553947233 -4.39853483584
counter is 368
10 10 0.05 0.02 -1 -1 -1.73417820893 19.1113602631
counter is 369
10 10 0.05 0.02 -1 1 1.54470683277 32.8631977815
counter is 370
10 10 0.05 0.02 1 -1 -0.561004747463 -6.13202217071
counter is 371
10 10 0.05 0.02 1 1 -0.823865216087 -2.96625051299
counter is 372
10 10 0.10 0.02 -1 -1 -2.11561618464 19.2238813883
counter is 373
10 10 0.10 0.02 -1 1 1.58126660044 34.2223213727
counter is 374
10 10 0.10 0.02 1 -1 -0.520350164228 -2.52696641285
counter is 375
10 10 0.10 0.02 1 1 -0.568234385412 -1.90327641285
counter is 376
10 10 0.10 0 -1 -1 -0.253090705411 29.1891310408
counter is 377
10 10 0.10 0 -1 1 -0.253090705411 29.1891310408
counter is 378
10 10 0.10 0 1 -1 -1.4363391673 -2.24787641285
counter is 379
10 10 0.10 0 1 1 -1.4363391673 -2.24787641285
counter is 380
10 10 0.10 0.02 -1 -1 -2.11561618464 19.2238813883
counter is 381
10 10 0.10 0.02 -1 1 1.58126660044 34.2223213727
counter is 382
10 10 0.10 0.02 1 -1 -0.520350164228 -2.52696641285
counter is 383
10 10 0.10 0.02 1 1 -0.568234385412 -1.90327641285
counter is 384
2 5 -0.10 0.02 -1 -1 -1.3948317303 -0.616844097597
counter is 385
2 5 -0.10 0.02 -1 1 -0.193729191203 1.2431659024
counter is 386
2 5 -0.10 0.02 1 -1 -0.119111434818 1.85911982883
counter is 387
2 5 -0.10 0.02 1 1 -1.38741341191 -0.632133994512
counter is 388
2 5 -0.10 0 -1 -1 -1.3948317303 -0.616844097597
counter is 389
2 5 -0.10 0 -1 1 -0.193729191203 1.2431659024
counter is 390
2 5 -0.10 0 1 -1 -0.119111434818 1.85911982883
counter is 391
2 5 -0.10 0 1 1 -1.38741341191 -0.632133994512
counter is 392
2 5 -0.10 0.02 -1 -1 -1.3948317303 -0.616844097597
counter is 393
2 5 -0.10 0.02 -1 1 -0.193729191203 1.2431659024
counter is 394
2 5 -0.10 0.02 1 -1 -0.119111434818 1.85911982883
counter is 395
2 5 -0.10 0.02 1 1 -1.38741341191 -0.632133994512
counter is 396
2 5 -0.05 0.02 -1 -1 -1.3948317303 -0.616844097597
counter is 397
2 5 -0.05 0.02 -1 1 -0.193729191203 1.2431659024
counter is 398
2 5 -0.05 0.02 1 -1 -0.119111434818 1.85911982883
counter is 399
2 5 -0.05 0.02 1 1 -1.38741341191 -0.632133994512
counter is 400
2 5 -0.05 0 -1 -1 -1.3948317303 -0.616844097597
counter is 401
2 5 -0.05 0 -1 1 -0.193729191203 1.2431659024
counter is 402
2 5 -0.05 0 1 -1 -0.119111434818 1.85911982883
counter is 403
2 5 -0.05 0 1 1 -1.38741341191 -0.632133994512
counter is 404
2 5 -0.05 0.02 -1 -1 -1.3948317303 -0.616844097597
counter is 405
2 5 -0.05 0.02 -1 1 -0.193729191203 1.2431659024
counter is 406
2 5 -0.05 0.02 1 -1 -0.119111434818 1.85911982883
counter is 407
2 5 -0.05 0.02 1 1 -1.38741341191 -0.632133994512
counter is 408
2 5 0.05 0.02 -1 -1 -1.35765096913 -0.608344097597
counter is 409
2 5 0.05 0.02 -1 1 -0.196055373059 1.2317059024
counter is 410
2 5 0.05 0.02 1 -1 -0.123240599538 1.83887962642
counter is 411
2 5 0.05 0.02 1 1 -1.41888668951 -0.642173994512
counter is 412
2 5 0.05 0 -1 -1 -1.35765096913 -0.608344097597
counter is 413
2 5 0.05 0 -1 1 -0.196055373059 1.2317059024
counter is 414
2 5 0.05 0 1 -1 -0.123240599538 1.83887962642
counter is 415
2 5 0.05 0 1 1 -1.41888668951 -0.642173994512
counter is 416
2 5 0.05 0.02 -1 -1 -1.35765096913 -0.608344097597
counter is 417
2 5 0.05 0.02 -1 1 -0.196055373059 1.2317059024
counter is 418
2 5 0.05 0.02 1 -1 -0.123240599538 1.83887962642
counter is 419
2 5 0.05 0.02 1 1 -1.41888668951 -0.642173994512
counter is 420
2 5 0.10 0.02 -1 -1 -1.35765096913 -0.608344097597
counter is 421
2 5 0.10 0.02 -1 1 -0.196055373059 1.2317059024
counter is 422
2 5 0.10 0.02 1 -1 -0.123240599538 1.83887962642
counter is 423
2 5 0.10 0.02 1 1 -1.41888668951 -0.642173994512
counter is 424
2 5 0.10 0 -1 -1 -1.35765096913 -0.608344097597
counter is 425
2 5 0.10 0 -1 1 -0.196055373059 1.2317059024
counter is 426
2 5 0.10 0 1 -1 -0.123240599538 1.83887962642
counter is 427
2 5 0.10 0 1 1 -1.41888668951 -0.642173994512
counter is 428
2 5 0.10 0.02 -1 -1 -1.35765096913 -0.608344097597
counter is 429
2 5 0.10 0.02 -1 1 -0.196055373059 1.2317059024
counter is 430
2 5 0.10 0.02 1 -1 -0.123240599538 1.83887962642
counter is 431
2 5 0.10 0.02 1 1 -1.41888668951 -0.642173994512
counter is 432
2 10 -0.10 0.02 -1 -1 -1.7978612869 -0.854174097597
counter is 433
2 10 -0.10 0.02 -1 1 -0.120838393511 3.2493259024
counter is 434
2 10 -0.10 0.02 1 -1 -0.0726695921181 4.5902171398
counter is 435
2 10 -0.10 0.02 1 1 -1.28152777819 -0.680903994512
counter is 436
2 10 -0.10 0 -1 -1 -1.7978612869 -0.854174097597
counter is 437
2 10 -0.10 0 -1 1 -0.120838393511 3.2493259024
counter is 438
2 10 -0.10 0 1 -1 -0.0726695921181 4.5902171398
counter is 439
2 10 -0.10 0 1 1 -1.28152777819 -0.680903994512
counter is 440
2 10 -0.10 0.02 -1 -1 -1.7978612869 -0.854174097597
counter is 441
2 10 -0.10 0.02 -1 1 -0.120838393511 3.2493259024
counter is 442
2 10 -0.10 0.02 1 -1 -0.0726695921181 4.5902171398
counter is 443
2 10 -0.10 0.02 1 1 -1.28152777819 -0.680903994512
counter is 444
2 10 -0.05 0.02 -1 -1 -1.7978612869 -0.854174097597
counter is 445
2 10 -0.05 0.02 -1 1 -0.120838393511 3.2493259024
counter is 446
2 10 -0.05 0.02 1 -1 -0.0726695921181 4.5902171398
counter is 447
2 10 -0.05 0.02 1 1 -1.28152777819 -0.680903994512
counter is 448
2 10 -0.05 0 -1 -1 -1.7978612869 -0.854174097597
counter is 449
2 10 -0.05 0 -1 1 -0.120838393511 3.2493259024
counter is 450
2 10 -0.05 0 1 -1 -0.0726695921181 4.5902171398
counter is 451
2 10 -0.05 0 1 1 -1.28152777819 -0.680903994512
counter is 452
2 10 -0.05 0.02 -1 -1 -1.7978612869 -0.854174097597
counter is 453
2 10 -0.05 0.02 -1 1 -0.120838393511 3.2493259024
counter is 454
2 10 -0.05 0.02 1 -1 -0.0726695921181 4.5902171398
counter is 455
2 10 -0.05 0.02 1 1 -1.28152777819 -0.680903994512
counter is 456
2 10 0.05 0.02 -1 -1 -1.76932574839 -0.842144097597
counter is 457
2 10 0.05 0.02 -1 1 -0.118169391145 3.2399759024
counter is 458
2 10 0.05 0.02 1 -1 -0.0641417146297 4.5758469961
counter is 459
2 10 0.05 0.02 1 1 -1.27902664463 -0.678593994512
counter is 460
2 10 0.05 0 -1 -1 -1.76932574839 -0.842144097597
counter is 461
2 10 0.05 0 -1 1 -0.118169391145 3.2399759024
counter is 462
2 10 0.05 0 1 -1 -0.0641417146297 4.5758469961
counter is 463
2 10 0.05 0 1 1 -1.27902664463 -0.678593994512
counter is 464
2 10 0.05 0.02 -1 -1 -1.76932574839 -0.842144097597
counter is 465
2 10 0.05 0.02 -1 1 -0.118169391145 3.2399759024
counter is 466
2 10 0.05 0.02 1 -1 -0.0641417146297 4.5758469961
counter is 467
2 10 0.05 0.02 1 1 -1.27902664463 -0.678593994512
counter is 468
2 10 0.10 0.02 -1 -1 -1.76932574839 -0.842144097597
counter is 469
2 10 0.10 0.02 -1 1 -0.118169391145 3.2399759024
counter is 470
2 10 0.10 0.02 1 -1 -0.0641417146297 4.5758469961
counter is 471
2 10 0.10 0.02 1 1 -1.27902664463 -0.678593994512
counter is 472
2 10 0.10 0 -1 -1 -1.76932574839 -0.842144097597
counter is 473
2 10 0.10 0 -1 1 -0.118169391145 3.2399759024
counter is 474
2 10 0.10 0 1 -1 -0.0641417146297 4.5758469961
counter is 475
2 10 0.10 0 1 1 -1.27902664463 -0.678593994512
counter is 476
2 10 0.10 0.02 -1 -1 -1.76932574839 -0.842144097597
counter is 477
2 10 0.10 0.02 -1 1 -0.118169391145 3.2399759024
counter is 478
2 10 0.10 0.02 1 -1 -0.0641417146297 4.5758469961
counter is 479
2 10 0.10 0.02 1 1 -1.27902664463 -0.678593994512
counter is 480
10 5 -0.10 0.02 -1 -1 -1.2602575182 -0.639651981305
counter is 481
10 5 -0.10 0.02 -1 1 -0.763228184237 -0.387140696593
counter is 482
10 5 -0.10 0.02 1 -1 -1.3547482288 -1.41963052416
counter is 483
10 5 -0.10 0.02 1 1 -0.627541979848 -0.437086944537
counter is 484
10 5 -0.10 0 -1 -1 -1.40186141149 -0.661992204708
counter is 485
10 5 -0.10 0 -1 1 -0.766154736116 -0.391620696593
counter is 486
10 5 -0.10 0 1 -1 -1.20400939998 -1.39728052416
counter is 487
10 5 -0.10 0 1 1 -0.600233470288 -0.432606944537
counter is 488
10 5 -0.10 0.02 -1 -1 -1.2602575182 -0.639651981305
counter is 489
10 5 -0.10 0.02 -1 1 -0.763228184237 -0.387140696593
counter is 490
10 5 -0.10 0.02 1 -1 -1.3547482288 -1.41963052416
counter is 491
10 5 -0.10 0.02 1 1 -0.627541979848 -0.437086944537
counter is 492
10 5 -0.05 0.02 -1 -1 -1.09400872988 -0.556291147697
counter is 493
10 5 -0.05 0.02 -1 1 -1.04855401711 -0.789590696593
counter is 494
10 5 -0.05 0.02 1 -1 -1.72882635883 -1.50133052416
counter is 495
10 5 -0.05 0.02 1 1 -0.712220007969 -0.449436944537
counter is 496
10 5 -0.05 0 -1 -1 -1.21570473537 -0.578671371499
counter is 497
10 5 -0.05 0 -1 1 -1.05592505113 -0.801570696593
counter is 498
10 5 -0.05 0 1 -1 -1.55120516351 -1.47896052416
counter is 499
10 5 -0.05 0 1 1 -0.640437704498 -0.437446944537
counter is 500
10 5 -0.05 0.02 -1 -1 -1.09400872988 -0.556291147697
counter is 501
10 5 -0.05 0.02 -1 1 -1.04855401711 -0.789590696593
counter is 502
10 5 -0.05 0.02 1 -1 -1.72882635883 -1.50133052416
counter is 503
10 5 -0.05 0.02 1 1 -0.712220007969 -0.449436944537
counter is 504
10 5 0.05 0.02 -1 -1 -1.55275488127 -0.592961514401
counter is 505
10 5 0.05 0.02 -1 1 -1.23945360626 -1.01947069659
counter is 506
10 5 0.05 0.02 1 -1 -1.46658263449 -1.74326052416
counter is 507
10 5 0.05 0.02 1 1 -0.458303783863 -0.306124423251
counter is 508
10 5 0.05 0 -1 -1 -1.5581258026 -0.592021505001
counter is 509
10 5 0.05 0 -1 1 -1.24790621466 -1.03188069659
counter is 510
10 5 0.05 0 1 -1 -0.706004990682 -1.74421052416
counter is 511
10 5 0.05 0 1 1 -0.410517759015 -0.293714423251
counter is 512
10 5 0.05 0.02 -1 -1 -1.55275488127 -0.592961514401
counter is 513
10 5 0.05 0.02 -1 1 -1.23945360626 -1.01947069659
counter is 514
10 5 0.05 0.02 1 -1 -1.46658263449 -1.74326052416
counter is 515
10 5 0.05 0.02 1 1 -0.458303783863 -0.306124423251
counter is 516
10 5 0.10 0.02 -1 -1 -1.65938723254 -0.612151706303
counter is 517
10 5 0.10 0.02 -1 1 -1.26455559208 -1.02441069659
counter is 518
10 5 0.10 0.02 1 -1 -1.08869875021 -1.21395052416
counter is 519
10 5 0.10 0.02 1 1 0.0741323407051 -0.148656944537
counter is 520
10 5 0.10 0 -1 -1 -1.66674539538 -0.611241697203
counter is 521
10 5 0.10 0 -1 1 -1.27258563665 -1.03606069659
counter is 522
10 5 0.10 0 1 -1 -1.08543715671 -1.21486052416
counter is 523
10 5 0.10 0 1 1 0.111966273708 -0.137016944537
counter is 524
10 5 0.10 0.02 -1 -1 -1.65938723254 -0.612151706303
counter is 525
10 5 0.10 0.02 -1 1 -1.26455559208 -1.02441069659
counter is 526
10 5 0.10 0.02 1 -1 -1.08869875021 -1.21395052416
counter is 527
10 5 0.10 0.02 1 1 0.0741323407051 -0.148656944537
counter is 528
10 10 -0.10 0.02 -1 -1 -1.68129023451 -1.08114639625
counter is 529
10 10 -0.10 0.02 -1 1 -0.379807583207 0.497409303407
counter is 530
10 10 -0.10 0.02 1 -1 -0.287305748503 0.747869475839
counter is 531
10 10 -0.10 0.02 1 1 -0.682310152254 -0.413126944537
counter is 532
10 10 -0.10 0 -1 -1 -1.89133674773 -1.24971808197
counter is 533
10 10 -0.10 0 -1 1 -0.381687070664 0.491339303407
counter is 534
10 10 -0.10 0 1 -1 -0.25864749536 0.916449475839
counter is 535
10 10 -0.10 0 1 1 -0.661029621427 -0.407046944537
counter is 536
10 10 -0.10 0.02 -1 -1 -1.68129023451 -1.08114639625
counter is 537
10 10 -0.10 0.02 -1 1 -0.379807583207 0.497409303407
counter is 538
10 10 -0.10 0.02 1 -1 -0.287305748503 0.747869475839
counter is 539
10 10 -0.10 0.02 1 1 -0.682310152254 -0.413126944537
counter is 540
10 10 -0.05 0.02 -1 -1 -1.70832302958 -1.11090669385
counter is 541
10 10 -0.05 0.02 -1 1 -0.482673804952 0.129129303407
counter is 542
10 10 -0.05 0.02 1 -1 -0.268998119448 0.788779475839
counter is 543
10 10 -0.05 0.02 1 1 -0.749188531338 -0.429456944537
counter is 544
10 10 -0.05 0 -1 -1 -1.87746009764 -1.27859837077
counter is 545
10 10 -0.05 0 -1 1 -0.485125193879 0.119099303407
counter is 546
10 10 -0.05 0 1 -1 -0.241456190042 0.956469475839
counter is 547
10 10 -0.05 0 1 1 -0.714095007899 -0.419416944537
counter is 548
10 10 -0.05 0.02 -1 -1 -1.70832302958 -1.11090669385
counter is 549
10 10 -0.05 0.02 -1 1 -0.482673804952 0.129129303407
counter is 550
10 10 -0.05 0.02 1 -1 -0.268998119448 0.788779475839
counter is 551
10 10 -0.05 0.02 1 1 -0.749188531338 -0.429456944537
counter is 552
10 10 0.05 0.02 -1 -1 -1.45527738486 -0.628461869404
counter is 553
10 10 0.05 0.02 -1 1 -0.464659366239 0.192269303407
counter is 554
10 10 0.05 0.02 1 -1 -0.396854151703 0.375609475839
counter is 555
10 10 0.05 0.02 1 1 -0.563207350544 -0.336016944537
counter is 556
10 10 0.05 0 -1 -1 -1.43862276708 -0.623301817804
counter is 557
10 10 0.05 0 -1 1 -0.466517962595 0.184639303407
counter is 558
10 10 0.05 0 1 -1 -0.397896199478 0.370449475839
counter is 559
10 10 0.05 0 1 1 -0.543199340726 -0.328376944537
counter is 560
10 10 0.05 0.02 -1 -1 -1.45527738486 -0.628461869404
counter is 561
10 10 0.05 0.02 -1 1 -0.464659366239 0.192269303407
counter is 562
10 10 0.05 0.02 1 -1 -0.396854151703 0.375609475839
counter is 563
10 10 0.05 0.02 1 1 -0.563207350544 -0.336016944537
counter is 564
10 10 0.10 0.02 -1 -1 -1.52683019096 -0.648442069206
counter is 565
10 10 0.10 0.02 -1 1 -0.515226231754 0.0178793034075
counter is 566
10 10 0.10 0.02 1 -1 -0.312475703963 0.695709475839
counter is 567
10 10 0.10 0.02 1 1 -0.0804133963234 -0.0573969445367
counter is 568
10 10 0.10 0 -1 -1 -1.53225790343 -0.649942084206
counter is 569
10 10 0.10 0 -1 1 -0.517122371 0.00968930340746
counter is 570
10 10 0.10 0 1 -1 -0.312096087294 0.697209475839
counter is 571
10 10 0.10 0 1 1 -0.0643401583406 -0.0492069445367
counter is 572
10 10 0.10 0.02 -1 -1 -1.52683019096 -0.648442069206
counter is 573
10 10 0.10 0.02 -1 1 -0.515226231754 0.0178793034075
counter is 574
10 10 0.10 0.02 1 -1 -0.312475703963 0.695709475839
counter is 575
10 10 0.10 0.02 1 1 -0.0804133963234 -0.0573969445367
