counter is 1
2 5 -0.10 0.02 -1 1 -0.716745120036 6.556821068
counter is 2
2 5 -0.10 0.02 1 -1 0.142214080877 3.78390523103
counter is 3
2 5 -0.10 0.02 1 1 0.142214080877 3.78390523103
counter is 4
2 5 -0.10 0 -1 -1 -0.13911935221 4.650771068
counter is 5
2 5 -0.10 0 -1 1 -0.13911935221 4.650771068
counter is 6
2 5 -0.10 0 1 -1 0.0256281357484 6.08238732695
counter is 7
2 5 -0.10 0 1 1 0.0256281357484 6.08238732695
counter is 8
2 5 -0.10 0.02 -1 -1 -0.716745120036 6.556821068
counter is 9
2 5 -0.10 0.02 -1 1 -0.716745120036 6.556821068
counter is 10
2 5 -0.10 0.02 1 -1 0.142214080877 3.78390523103
counter is 11
2 5 -0.10 0.02 1 1 0.142214080877 3.78390523103
counter is 12
2 5 -0.05 0.02 -1 -1 -0.124385702083 5.815531068
counter is 13
2 5 -0.05 0.02 -1 1 -0.124385702083 5.815531068
counter is 14
2 5 -0.05 0.02 1 -1 0.14275878017 3.60460523103
counter is 15
2 5 -0.05 0.02 1 1 0.14275878017 3.60460523103
counter is 16
2 5 -0.05 0 -1 -1 -0.0459006033596 4.082971068
counter is 17
2 5 -0.05 0 -1 1 -0.0459006033596 4.082971068
counter is 18
2 5 -0.05 0 1 -1 0.00859191551421 5.64650732695
counter is 19
2 5 -0.05 0 1 1 0.00859191551421 5.64650732695
counter is 20
2 5 -0.05 0.02 -1 -1 -0.124385702083 5.815531068
counter is 21
2 5 -0.05 0.02 -1 1 -0.124385702083 5.815531068
counter is 22
2 5 -0.05 0.02 1 -1 0.14275878017 3.60460523103
counter is 23
2 5 -0.05 0.02 1 1 0.14275878017 3.60460523103
counter is 24
2 5 0.05 0.02 -1 -1 -0.26104987314 -0.100778932002
counter is 25
2 5 0.05 0.02 -1 1 -0.26104987314 -0.100778932002
counter is 26
2 5 0.05 0.02 1 -1 -0.217544351581 0.158395231032
counter is 27
2 5 0.05 0.02 1 1 -0.217544351581 0.158395231032
counter is 28
2 5 0.05 0 -1 -1 -0.256973611184 -0.183178932002
counter is 29
2 5 0.05 0 -1 1 -0.256973611184 -0.183178932002
counter is 30
2 5 0.05 0 1 -1 -0.206314026499 0.210257326947
counter is 31
2 5 0.05 0 1 1 -0.206314026499 0.210257326947
counter is 32
2 5 0.05 0.02 -1 -1 -0.26104987314 -0.100778932002
counter is 33
2 5 0.05 0.02 -1 1 -0.26104987314 -0.100778932002
counter is 34
2 5 0.05 0.02 1 -1 -0.217544351581 0.158395231032
counter is 35
2 5 0.05 0.02 1 1 -0.217544351581 0.158395231032
counter is 36
2 5 0.10 0.02 -1 -1 -0.854813137579 -0.514058932002
counter is 37
2 5 0.10 0.02 -1 1 -0.854813137579 -0.514058932002
counter is 38
2 5 0.10 0.02 1 -1 -1.26125415261 -0.574922029997
counter is 39
2 5 0.10 0.02 1 1 -1.26125415261 -0.574922029997
counter is 40
2 5 0.10 0 -1 -1 -0.8508585791 -0.523428932002
counter is 41
2 5 0.10 0 -1 1 -0.8508585791 -0.523428932002
counter is 42
2 5 0.10 0 1 -1 -1.97943636989 -0.691642673053
counter is 43
2 5 0.10 0 1 1 -1.97943636989 -0.691642673053
counter is 44
2 5 0.10 0.02 -1 -1 -0.854813137579 -0.514058932002
counter is 45
2 5 0.10 0.02 -1 1 -0.854813137579 -0.514058932002
counter is 46
2 5 0.10 0.02 1 -1 -1.26125415261 -0.574922029997
counter is 47
2 5 0.10 0.02 1 1 -1.26125415261 -0.574922029997
counter is 48
2 10 -0.10 0.02 -1 -1 -1.61411374147 13.138751068
counter is 49
2 10 -0.10 0.02 -1 1 -1.61411374147 13.138751068
counter is 50
2 10 -0.10 0.02 1 -1 -0.608318356735 9.16545523103
counter is 51
2 10 -0.10 0.02 1 1 -0.608318356735 9.16545523103
counter is 52
2 10 -0.10 0 -1 -1 -0.679005763779 10.525841068
counter is 53
2 10 -0.10 0 -1 1 -0.679005763779 10.525841068
counter is 54
2 10 -0.10 0 1 -1 -1.69260967435 11.8431973269
counter is 55
2 10 -0.10 0 1 1 -1.69260967435 11.8431973269
counter is 56
2 10 -0.10 0.02 -1 -1 -1.61411374147 13.138751068
counter is 57
2 10 -0.10 0.02 -1 1 -1.61411374147 13.138751068
counter is 58
2 10 -0.10 0.02 1 -1 -0.608318356735 9.16545523103
counter is 59
2 10 -0.10 0.02 1 1 -0.608318356735 9.16545523103
counter is 60
2 10 -0.05 0.02 -1 -1 -0.842699026071 11.620061068
counter is 61
2 10 -0.05 0.02 -1 1 -0.842699026071 11.620061068
counter is 62
2 10 -0.05 0.02 1 -1 -0.443215960515 8.69121523103
counter is 63
2 10 -0.05 0.02 1 1 -0.443215960515 8.69121523103
counter is 64
2 10 -0.05 0 -1 -1 -0.288961333509 9.162371068
counter is 65
2 10 -0.05 0 -1 1 -0.288961333509 9.162371068
counter is 66
2 10 -0.05 0 1 -1 -1.98192319426 11.1725573269
counter is 67
2 10 -0.05 0 1 1 -1.98192319426 11.1725573269
counter is 68
2 10 -0.05 0.02 -1 -1 -0.842699026071 11.620061068
counter is 69
2 10 -0.05 0.02 -1 1 -0.842699026071 11.620061068
counter is 70
2 10 -0.05 0.02 1 -1 -0.443215960515 8.69121523103
counter is 71
2 10 -0.05 0.02 1 1 -0.443215960515 8.69121523103
counter is 72
2 10 0.05 0.02 -1 -1 -0.210663101115 0.226121067998
counter is 73
2 10 0.05 0.02 -1 1 -0.210663101115 0.226121067998
counter is 74
2 10 0.05 0.02 1 -1 -0.947142824807 -0.435044768968
counter is 75
2 10 0.05 0.02 1 1 -0.947142824807 -0.435044768968
counter is 76
2 10 0.05 0 -1 -1 -0.265068300551 0.0452110679984
counter is 77
2 10 0.05 0 -1 1 -0.265068300551 0.0452110679984
counter is 78
2 10 0.05 0 1 -1 -0.827968768612 -0.258132673053
counter is 79
2 10 0.05 0 1 1 -0.827968768612 -0.258132673053
counter is 80
2 10 0.05 0.02 -1 -1 -0.210663101115 0.226121067998
counter is 81
2 10 0.05 0.02 -1 1 -0.210663101115 0.226121067998
counter is 82
2 10 0.05 0.02 1 -1 -0.947142824807 -0.435044768968
counter is 83
2 10 0.05 0.02 1 1 -0.947142824807 -0.435044768968
counter is 84
2 10 0.10 0.02 -1 -1 -0.993983653465 -0.520108932002
counter is 85
2 10 0.10 0.02 -1 1 -0.993983653465 -0.520108932002
counter is 86
2 10 0.10 0.02 1 -1 -1.28192125574 -0.583182029997
counter is 87
2 10 0.10 0.02 1 1 -1.28192125574 -0.583182029997
counter is 88
2 10 0.10 0 -1 -1 -0.944347044376 -0.514588932002
counter is 89
2 10 0.10 0 -1 1 -0.944347044376 -0.514588932002
counter is 90
2 10 0.10 0 1 -1 -1.7319487457 -0.721752673053
counter is 91
2 10 0.10 0 1 1 -1.7319487457 -0.721752673053
counter is 92
2 10 0.10 0.02 -1 -1 -0.993983653465 -0.520108932002
counter is 93
2 10 0.10 0.02 -1 1 -0.993983653465 -0.520108932002
counter is 94
2 10 0.10 0.02 1 -1 -1.28192125574 -0.583182029997
counter is 95
2 10 0.10 0.02 1 1 -1.28192125574 -0.583182029997
counter is 96
10 5 -0.10 0.02 -1 -1 -1.39935866948 8.18048779125
counter is 97
10 5 -0.10 0.02 -1 1 -1.39935866948 8.18048779125
counter is 98
10 5 -0.10 0.02 1 -1 -0.455843641687 1.96225561401
counter is 99
10 5 -0.10 0.02 1 1 -0.455843641687 1.96225561401
counter is 100
10 5 -0.10 0 -1 -1 -0.586490497028 4.06138779125
counter is 101
10 5 -0.10 0 -1 1 -0.586490497028 4.06138779125
counter is 102
10 5 -0.10 0 1 -1 -0.0760846514606 6.598071068
counter is 103
10 5 -0.10 0 1 1 -0.0760846514606 6.598071068
counter is 104
10 5 -0.10 0.02 -1 -1 -1.39935866948 8.18048779125
counter is 105
10 5 -0.10 0.02 -1 1 -1.39935866948 8.18048779125
counter is 106
10 5 -0.10 0.02 1 -1 -0.455843641687 1.96225561401
counter is 107
10 5 -0.10 0.02 1 1 -0.455843641687 1.96225561401
counter is 108
10 5 -0.05 0.02 -1 -1 -0.0098057190498 7.82173779125
counter is 109
10 5 -0.05 0.02 -1 1 -0.0098057190498 7.82173779125
counter is 110
10 5 -0.05 0.02 1 -1 -0.497207561057 1.71212561401
counter is 111
10 5 -0.05 0.02 1 1 -0.497207561057 1.71212561401
counter is 112
10 5 -0.05 0 -1 -1 -0.18303207864 3.93316779125
counter is 113
10 5 -0.05 0 -1 1 -0.18303207864 3.93316779125
counter is 114
10 5 -0.05 0 1 -1 -0.114540663031 5.973061068
counter is 115
10 5 -0.05 0 1 1 -0.114540663031 5.973061068
counter is 116
10 5 -0.05 0.02 -1 -1 -0.0098057190498 7.82173779125
counter is 117
10 5 -0.05 0.02 -1 1 -0.0098057190498 7.82173779125
counter is 118
10 5 -0.05 0.02 1 -1 -0.497207561057 1.71212561401
counter is 119
10 5 -0.05 0.02 1 1 -0.497207561057 1.71212561401
counter is 120
10 5 0.05 0.02 -1 -1 -0.629055779687 -0.22951220875
counter is 121
10 5 0.05 0.02 -1 1 -0.629055779687 -0.22951220875
counter is 122
10 5 0.05 0.02 1 -1 -0.676853102375 -0.261914385988
counter is 123
10 5 0.05 0.02 1 1 -0.676853102375 -0.261914385988
counter is 124
10 5 0.05 0 -1 -1 -0.639019377937 -0.27249220875
counter is 125
10 5 0.05 0 -1 1 -0.639019377937 -0.27249220875
counter is 126
10 5 0.05 0 1 -1 -0.652431546398 -0.206958932002
counter is 127
10 5 0.05 0 1 1 -0.652431546398 -0.206958932002
counter is 128
10 5 0.05 0.02 -1 -1 -0.629055779687 -0.22951220875
counter is 129
10 5 0.05 0.02 -1 1 -0.629055779687 -0.22951220875
counter is 130
10 5 0.05 0.02 1 -1 -0.676853102375 -0.261914385988
counter is 131
10 5 0.05 0.02 1 1 -0.676853102375 -0.261914385988
counter is 132
10 5 0.10 0.02 -1 -1 -1.46085482847 -0.62681220875
counter is 133
10 5 0.10 0.02 -1 1 -1.46085482847 -0.62681220875
counter is 134
10 5 0.10 0.02 1 -1 -1.65966035687 -0.714234385988
counter is 135
10 5 0.10 0.02 1 1 -1.65966035687 -0.714234385988
counter is 136
10 5 0.10 0 -1 -1 -1.35337578179 -0.58629220875
counter is 137
10 5 0.10 0 -1 1 -1.35337578179 -0.58629220875
counter is 138
10 5 0.10 0 1 -1 -1.69823168527 -0.715348932002
counter is 139
10 5 0.10 0 1 1 -1.69823168527 -0.715348932002
counter is 140
10 5 0.10 0.02 -1 -1 -1.46085482847 -0.62681220875
counter is 141
10 5 0.10 0.02 -1 1 -1.46085482847 -0.62681220875
counter is 142
10 5 0.10 0.02 1 -1 -1.65966035687 -0.714234385988
counter is 143
10 5 0.10 0.02 1 1 -1.65966035687 -0.714234385988
counter is 144
10 10 -0.10 0.02 -1 -1 -0.821783755519 18.3528977912
counter is 145
10 10 -0.10 0.02 -1 1 -0.821783755519 18.3528977912
counter is 146
10 10 -0.10 0.02 1 -1 -0.867006645239 2.93498159919
counter is 147
10 10 -0.10 0.02 1 1 -0.867006645239 2.93498159919
counter is 148
10 10 -0.10 0 -1 -1 -1.56178462633 11.8995677912
counter is 149
10 10 -0.10 0 -1 1 -1.56178462633 11.8995677912
counter is 150
10 10 -0.10 0 1 -1 -1.34593527903 13.449441068
counter is 151
10 10 -0.10 0 1 1 -1.34593527903 13.449441068
counter is 152
10 10 -0.10 0.02 -1 -1 -0.821783755519 18.3528977912
counter is 153
10 10 -0.10 0.02 -1 1 -0.821783755519 18.3528977912
counter is 154
10 10 -0.10 0.02 1 -1 -0.867006645239 2.93498159919
counter is 155
10 10 -0.10 0.02 1 1 -0.867006645239 2.93498159919
counter is 156
10 10 -0.05 0.02 -1 -1 -1.45002218579 17.7570877912
counter is 157
10 10 -0.05 0.02 -1 1 -1.45002218579 17.7570877912
counter is 158
10 10 -0.05 0.02 1 -1 -2.11294425083 2.47668159919
counter is 159
10 10 -0.05 0.02 1 1 -2.11294425083 2.47668159919
counter is 160
10 10 -0.05 0 -1 -1 -0.49998295255 11.5371877912
counter is 161
10 10 -0.05 0 -1 1 -0.49998295255 11.5371877912
counter is 162
10 10 -0.05 0 1 -1 -2.05634874567 12.651601068
counter is 163
10 10 -0.05 0 1 1 -2.05634874567 12.651601068
counter is 164
10 10 -0.05 0.02 -1 -1 -1.45002218579 17.7570877912
counter is 165
10 10 -0.05 0.02 -1 1 -1.45002218579 17.7570877912
counter is 166
10 10 -0.05 0.02 1 -1 -2.11294425083 2.47668159919
counter is 167
10 10 -0.05 0.02 1 1 -2.11294425083 2.47668159919
counter is 168
10 10 0.05 0.02 -1 -1 -0.142548230517 0.42671779125
counter is 169
10 10 0.05 0.02 -1 1 -0.142548230517 0.42671779125
counter is 170
10 10 0.05 0.02 1 -1 -1.06167829612 -0.44735840081
counter is 171
10 10 0.05 0.02 1 1 -1.06167829612 -0.44735840081
counter is 172
10 10 0.05 0 -1 -1 -0.294318817277 0.14481779125
counter is 173
10 10 0.05 0 -1 1 -0.294318817277 0.14481779125
counter is 174
10 10 0.05 0 1 -1 -0.671959994184 -0.0518689320016
counter is 175
10 10 0.05 0 1 1 -0.671959994184 -0.0518689320016
counter is 176
10 10 0.05 0.02 -1 -1 -0.142548230517 0.42671779125
counter is 177
10 10 0.05 0.02 -1 1 -0.142548230517 0.42671779125
counter is 178
10 10 0.05 0.02 1 -1 -1.06167829612 -0.44735840081
counter is 179
10 10 0.05 0.02 1 1 -1.06167829612 -0.44735840081
counter is 180
10 10 0.10 0.02 -1 -1 -0.940337328442 -0.45083220875
counter is 181
10 10 0.10 0.02 -1 1 -0.940337328442 -0.45083220875
counter is 182
10 10 0.10 0.02 1 -1 -1.62961697073 -0.75598840081
counter is 183
10 10 0.10 0.02 1 1 -1.62961697073 -0.75598840081
counter is 184
10 10 0.10 0 -1 -1 -0.925351937916 -0.46166220875
counter is 185
10 10 0.10 0 -1 1 -0.925351937916 -0.46166220875
counter is 186
10 10 0.10 0 1 -1 -1.57860322534 -0.747618932002
counter is 187
10 10 0.10 0 1 1 -1.57860322534 -0.747618932002
counter is 188
10 10 0.10 0.02 -1 -1 -0.940337328442 -0.45083220875
counter is 189
10 10 0.10 0.02 -1 1 -0.940337328442 -0.45083220875
counter is 190
10 10 0.10 0.02 1 -1 -1.62961697073 -0.75598840081
counter is 191
10 10 0.10 0.02 1 1 -1.62961697073 -0.75598840081
counter is 192
2 5 -0.10 0.02 -1 -1 -3.32746764124 -0.85924254942
counter is 193
2 5 -0.10 0.02 -1 1 -2.99326082075 -0.0505037784402
counter is 194
2 5 -0.10 0.02 1 -1 -0.81759205068 11.670511068
counter is 195
2 5 -0.10 0.02 1 1 0.525023791621 0.503553904383
counter is 196
2 5 -0.10 0 -1 -1 -3.73665774337 -0.477363860926
counter is 197
2 5 -0.10 0 -1 1 -3.73665774337 -0.477363860926
counter is 198
2 5 -0.10 0 1 -1 0.996186734166 14.676321068
counter is 199
2 5 -0.10 0 1 1 0.996186734166 14.676321068
counter is 200
2 5 -0.10 0.02 -1 -1 -3.32746764124 -0.85924254942
counter is 201
2 5 -0.10 0.02 -1 1 -2.99326082075 -0.0505037784402
counter is 202
2 5 -0.10 0.02 1 -1 -0.81759205068 11.670511068
counter is 203
2 5 -0.10 0.02 1 1 0.525023791621 0.503553904383
counter is 204
2 5 -0.05 0.02 -1 -1 -5.52909703276 -1.516188932
counter is 205
2 5 -0.05 0.02 -1 1 -3.15740962587 -0.644823226679
counter is 206
2 5 -0.05 0.02 1 -1 -1.2637570457 10.957401068
counter is 207
2 5 -0.05 0.02 1 1 0.511527972719 0.488773904383
counter is 208
2 5 -0.05 0 -1 -1 -4.58052087609 -1.089908932
counter is 209
2 5 -0.05 0 -1 1 -4.58052087609 -1.089908932
counter is 210
2 5 -0.05 0 1 -1 0.947945592083 14.136991068
counter is 211
2 5 -0.05 0 1 1 0.947945592083 14.136991068
counter is 212
2 5 -0.05 0.02 -1 -1 -5.52909703276 -1.516188932
counter is 213
2 5 -0.05 0.02 -1 1 -3.15740962587 -0.644823226679
counter is 214
2 5 -0.05 0.02 1 -1 -1.2637570457 10.957401068
counter is 215
2 5 -0.05 0.02 1 1 0.511527972719 0.488773904383
counter is 216
2 5 0.05 0.02 -1 -1 -1.2637570457 10.957401068
counter is 217
2 5 0.05 0.02 -1 1 0.511527972719 0.488773904383
counter is 218
2 5 0.05 0.02 1 -1 -5.52909703276 -1.516188932
counter is 219
2 5 0.05 0.02 1 1 -3.15740962587 -0.644823226679
counter is 220
2 5 0.05 0 -1 -1 0.947945592083 14.136991068
counter is 221
2 5 0.05 0 -1 1 0.947945592083 14.136991068
counter is 222
2 5 0.05 0 1 -1 -4.58052087609 -1.089908932
counter is 223
2 5 0.05 0 1 1 -4.58052087609 -1.089908932
counter is 224
2 5 0.05 0.02 -1 -1 -1.2637570457 10.957401068
counter is 225
2 5 0.05 0.02 -1 1 0.511527972719 0.488773904383
counter is 226
2 5 0.05 0.02 1 -1 -5.52909703276 -1.516188932
counter is 227
2 5 0.05 0.02 1 1 -3.15740962587 -0.644823226679
counter is 228
2 5 0.10 0.02 -1 -1 -0.81759205068 11.670511068
counter is 229
2 5 0.10 0.02 -1 1 0.525023791621 0.503553904383
counter is 230
2 5 0.10 0.02 1 -1 -3.32746764124 -0.85924254942
counter is 231
2 5 0.10 0.02 1 1 -2.99326082075 -0.0505037784402
counter is 232
2 5 0.10 0 -1 -1 0.996186734166 14.676321068
counter is 233
2 5 0.10 0 -1 1 0.996186734166 14.676321068
counter is 234
2 5 0.10 0 1 -1 -3.73665774337 -0.477363860926
counter is 235
2 5 0.10 0 1 1 -3.73665774337 -0.477363860926
counter is 236
2 5 0.10 0.02 -1 -1 -0.81759205068 11.670511068
counter is 237
2 5 0.10 0.02 -1 1 0.525023791621 0.503553904383
counter is 238
2 5 0.10 0.02 1 -1 -3.32746764124 -0.85924254942
counter is 239
2 5 0.10 0.02 1 1 -2.99326082075 -0.0505037784402
counter is 240
2 10 -0.10 0.02 -1 -1 -3.33395044348 -0.858818932002
counter is 241
2 10 -0.10 0.02 -1 1 -3.69536221313 -0.0729243913796
counter is 242
2 10 -0.10 0.02 1 -1 -0.858386048296 21.240561068
counter is 243
2 10 -0.10 0.02 1 1 0.944261803772 0.831896267061
counter is 244
2 10 -0.10 0 -1 -1 -4.09609255143 -0.522751979784
counter is 245
2 10 -0.10 0 -1 1 -4.09609255143 -0.522751979784
counter is 246
2 10 -0.10 0 1 -1 -0.124743748747 21.490631068
counter is 247
2 10 -0.10 0 1 1 -0.124743748747 21.490631068
counter is 248
2 10 -0.10 0.02 -1 -1 -3.33395044348 -0.858818932002
counter is 249
2 10 -0.10 0.02 -1 1 -3.69536221313 -0.0729243913796
counter is 250
2 10 -0.10 0.02 1 -1 -0.858386048296 21.240561068
counter is 251
2 10 -0.10 0.02 1 1 0.944261803772 0.831896267061
counter is 252
2 10 -0.05 0.02 -1 -1 -2.17795139936 -1.634558932
counter is 253
2 10 -0.05 0.02 -1 1 -3.30165028198 -0.653994138
counter is 254
2 10 -0.05 0.02 1 -1 -1.50622377683 20.617261068
counter is 255
2 10 -0.05 0.02 1 1 0.935170138016 0.813056267061
counter is 256
2 10 -0.05 0 -1 -1 -4.47321817429 -1.133038932
counter is 257
2 10 -0.05 0 -1 1 -4.47321817429 -1.133038932
counter is 258
2 10 -0.05 0 1 -1 -0.355449380758 20.974901068
counter is 259
2 10 -0.05 0 1 1 -0.355449380758 20.974901068
counter is 260
2 10 -0.05 0.02 -1 -1 -2.17795139936 -1.634558932
counter is 261
2 10 -0.05 0.02 -1 1 -3.30165028198 -0.653994138
counter is 262
2 10 -0.05 0.02 1 -1 -1.50622377683 20.617261068
counter is 263
2 10 -0.05 0.02 1 1 0.935170138016 0.813056267061
counter is 264
2 10 0.05 0.02 -1 -1 -1.50622377683 20.617261068
counter is 265
2 10 0.05 0.02 -1 1 0.935170138016 0.813056267061
counter is 266
2 10 0.05 0.02 1 -1 -2.17795139936 -1.634558932
counter is 267
2 10 0.05 0.02 1 1 -3.30165028198 -0.653994138
counter is 268
2 10 0.05 0 -1 -1 -0.355449380758 20.974901068
counter is 269
2 10 0.05 0 -1 1 -0.355449380758 20.974901068
counter is 270
2 10 0.05 0 1 -1 -4.47321817429 -1.133038932
counter is 271
2 10 0.05 0 1 1 -4.47321817429 -1.133038932
counter is 272
2 10 0.05 0.02 -1 -1 -1.50622377683 20.617261068
counter is 273
2 10 0.05 0.02 -1 1 0.935170138016 0.813056267061
counter is 274
2 10 0.05 0.02 1 -1 -2.17795139936 -1.634558932
counter is 275
2 10 0.05 0.02 1 1 -3.30165028198 -0.653994138
counter is 276
2 10 0.10 0.02 -1 -1 -0.858386048296 21.240561068
counter is 277
2 10 0.10 0.02 -1 1 0.944261803772 0.831896267061
counter is 278
2 10 0.10 0.02 1 -1 -3.33395044348 -0.858818932002
counter is 279
2 10 0.10 0.02 1 1 -3.69536221313 -0.0729243913796
counter is 280
2 10 0.10 0 -1 -1 -0.124743748747 21.490631068
counter is 281
2 10 0.10 0 -1 1 -0.124743748747 21.490631068
counter is 282
2 10 0.10 0 1 -1 -4.09609255143 -0.522751979784
counter is 283
2 10 0.10 0 1 1 -4.09609255143 -0.522751979784
counter is 284
2 10 0.10 0.02 -1 -1 -0.858386048296 21.240561068
counter is 285
2 10 0.10 0.02 -1 1 0.944261803772 0.831896267061
counter is 286
2 10 0.10 0.02 1 -1 -3.33395044348 -0.858818932002
counter is 287
2 10 0.10 0.02 1 1 -3.69536221313 -0.0729243913796
counter is 288
10 5 -0.10 0.02 -1 -1 -0.892215117541 -3.798558932
counter is 289
10 5 -0.10 0.02 -1 1 -1.08551783782 -1.8976569413
counter is 290
10 5 -0.10 0.02 1 -1 -1.23074255223 10.286941068
counter is 291
10 5 -0.10 0.02 1 1 2.01830314325 19.9895192201
counter is 292
10 5 -0.10 0 -1 -1 -1.92457051286 -2.87128064462
counter is 293
10 5 -0.10 0 -1 1 -1.92457051286 -2.87128064462
counter is 294
10 5 -0.10 0 1 -1 0.639404323009 17.982841068
counter is 295
10 5 -0.10 0 1 1 0.639404323009 17.982841068
counter is 296
10 5 -0.10 0.02 -1 -1 -0.892215117541 -3.798558932
counter is 297
10 5 -0.10 0.02 -1 1 -1.08551783782 -1.8976569413
counter is 298
10 5 -0.10 0.02 1 -1 -1.23074255223 10.286941068
counter is 299
10 5 -0.10 0.02 1 1 2.01830314325 19.9895192201
counter is 300
10 5 -0.05 0.02 -1 -1 -1.71268464517 -7.972618932
counter is 301
10 5 -0.05 0.02 -1 1 -1.30432884082 -3.03951077988
counter is 302
10 5 -0.05 0.02 1 -1 -0.525987873865 9.675701068
counter is 303
10 5 -0.05 0.02 1 1 1.92629928727 18.3138792201
counter is 304
10 5 -0.05 0 -1 -1 -0.374645948168 -5.798498932
counter is 305
10 5 -0.05 0 -1 1 -0.374645948168 -5.798498932
counter is 306
10 5 -0.05 0 1 -1 0.523915288244 16.804391068
counter is 307
10 5 -0.05 0 1 1 0.523915288244 16.804391068
counter is 308
10 5 -0.05 0.02 -1 -1 -1.71268464517 -7.972618932
counter is 309
10 5 -0.05 0.02 -1 1 -1.30432884082 -3.03951077988
counter is 310
10 5 -0.05 0.02 1 -1 -0.525987873865 9.675701068
counter is 311
10 5 -0.05 0.02 1 1 1.92629928727 18.3138792201
counter is 312
10 5 0.05 0.02 -1 -1 -0.525987873865 9.675701068
counter is 313
10 5 0.05 0.02 -1 1 1.92629928727 18.3138792201
counter is 314
10 5 0.05 0.02 1 -1 -1.71268464517 -7.972618932
counter is 315
10 5 0.05 0.02 1 1 -1.30432884082 -3.03951077988
counter is 316
10 5 0.05 0 -1 -1 0.523915288244 16.804391068
counter is 317
10 5 0.05 0 -1 1 0.523915288244 16.804391068
counter is 318
10 5 0.05 0 1 -1 -0.374645948168 -5.798498932
counter is 319
10 5 0.05 0 1 1 -0.374645948168 -5.798498932
counter is 320
10 5 0.05 0.02 -1 -1 -0.525987873865 9.675701068
counter is 321
10 5 0.05 0.02 -1 1 1.92629928727 18.3138792201
counter is 322
10 5 0.05 0.02 1 -1 -1.71268464517 -7.972618932
counter is 323
10 5 0.05 0.02 1 1 -1.30432884082 -3.03951077988
counter is 324
10 5 0.10 0.02 -1 -1 -1.23074255223 10.286941068
counter is 325
10 5 0.10 0.02 -1 1 2.01830314325 19.9895192201
counter is 326
10 5 0.10 0.02 1 -1 -0.892215117541 -3.798558932
counter is 327
10 5 0.10 0.02 1 1 -1.08551783782 -1.8976569413
counter is 328
10 5 0.10 0 -1 -1 0.639404323009 17.982841068
counter is 329
10 5 0.10 0 -1 1 0.639404323009 17.982841068
counter is 330
10 5 0.10 0 1 -1 -1.92457051286 -2.87128064462
counter is 331
10 5 0.10 0 1 1 -1.92457051286 -2.87128064462
counter is 332
10 5 0.10 0.02 -1 -1 -1.23074255223 10.286941068
counter is 333
10 5 0.10 0.02 -1 1 2.01830314325 19.9895192201
counter is 334
10 5 0.10 0.02 1 -1 -0.892215117541 -3.798558932
counter is 335
10 5 0.10 0.02 1 1 -1.08551783782 -1.8976569413
counter is 336
10 10 -0.10 0.02 -1 -1 -1.91008207347 -5.176098932
counter is 337
10 10 -0.10 0.02 -1 1 -0.779482885205 -2.34715101402
counter is 338
10 10 -0.10 0.02 1 -1 -1.05592025194 20.960931068
counter is 339
10 10 -0.10 0.02 1 1 1.59050674855 30.0276460034
counter is 340
10 10 -0.10 0 -1 -1 -0.803800637206 -3.933958932
counter is 341
10 10 -0.10 0 -1 1 -0.803800637206 -3.933958932
counter is 342
10 10 -0.10 0 1 -1 -0.80331300268 29.242201068
counter is 343
10 10 -0.10 0 1 1 -0.80331300268 29.242201068
counter is 344
10 10 -0.10 0.02 -1 -1 -1.91008207347 -5.176098932
counter is 345
10 10 -0.10 0.02 -1 1 -0.779482885205 -2.34715101402
counter is 346
10 10 -0.10 0.02 1 -1 -1.05592025194 20.960931068
counter is 347
10 10 -0.10 0.02 1 1 1.59050674855 30.0276460034
counter is 348
10 10 -0.05 0.02 -1 -1 -0.575649636681 -10.848868932
counter is 349
10 10 -0.05 0.02 -1 1 -1.64460675118 -3.90130399659
counter is 350
10 10 -0.05 0.02 1 -1 -1.58387714574 20.296061068
counter is 351
10 10 -0.05 0.02 1 1 1.49236884586 27.5874760034
counter is 352
10 10 -0.05 0 -1 -1 -1.35277188475 -7.826298932
counter is 353
10 10 -0.05 0 -1 1 -1.35277188475 -7.826298932
counter is 354
10 10 -0.05 0 1 -1 -0.525000070414 27.758821068
counter is 355
10 10 -0.05 0 1 1 -0.525000070414 27.758821068
counter is 356
10 10 -0.05 0.02 -1 -1 -0.575649636681 -10.848868932
counter is 357
10 10 -0.05 0.02 -1 1 -1.64460675118 -3.90130399659
counter is 358
10 10 -0.05 0.02 1 -1 -1.58387714574 20.296061068
counter is 359
10 10 -0.05 0.02 1 1 1.49236884586 27.5874760034
counter is 360
10 10 0.05 0.02 -1 -1 -1.58387714574 20.296061068
counter is 361
10 10 0.05 0.02 -1 1 1.49236884586 27.5874760034
counter is 362
10 10 0.05 0.02 1 -1 -0.575649636681 -10.848868932
counter is 363
10 10 0.05 0.02 1 1 -1.64460675118 -3.90130399659
counter is 364
10 10 0.05 0 -1 -1 -0.525000070414 27.758821068
counter is 365
10 10 0.05 0 -1 1 -0.525000070414 27.758821068
counter is 366
10 10 0.05 0 1 -1 -1.35277188475 -7.826298932
counter is 367
10 10 0.05 0 1 1 -1.35277188475 -7.826298932
counter is 368
10 10 0.05 0.02 -1 -1 -1.58387714574 20.296061068
counter is 369
10 10 0.05 0.02 -1 1 1.49236884586 27.5874760034
counter is 370
10 10 0.05 0.02 1 -1 -0.575649636681 -10.848868932
counter is 371
10 10 0.05 0.02 1 1 -1.64460675118 -3.90130399659
counter is 372
10 10 0.10 0.02 -1 -1 -1.05592025194 20.960931068
counter is 373
10 10 0.10 0.02 -1 1 1.59050674855 30.0276460034
counter is 374
10 10 0.10 0.02 1 -1 -1.91008207347 -5.176098932
counter is 375
10 10 0.10 0.02 1 1 -0.779482885205 -2.34715101402
counter is 376
10 10 0.10 0 -1 -1 -0.80331300268 29.242201068
counter is 377
10 10 0.10 0 -1 1 -0.80331300268 29.242201068
counter is 378
10 10 0.10 0 1 -1 -0.803800637206 -3.933958932
counter is 379
10 10 0.10 0 1 1 -0.803800637206 -3.933958932
counter is 380
10 10 0.10 0.02 -1 -1 -1.05592025194 20.960931068
counter is 381
10 10 0.10 0.02 -1 1 1.59050674855 30.0276460034
counter is 382
10 10 0.10 0.02 1 -1 -1.91008207347 -5.176098932
counter is 383
10 10 0.10 0.02 1 1 -0.779482885205 -2.34715101402
counter is 384
2 5 -0.10 0.02 -1 -1 -2.08635941636 -0.852524482601
counter is 385
2 5 -0.10 0.02 -1 1 -0.247747145502 1.6565055174
counter is 386
2 5 -0.10 0.02 1 -1 -0.259338582736 1.80564209835
counter is 387
2 5 -0.10 0.02 1 1 -0.778691136115 -0.395037901654
counter is 388
2 5 -0.10 0 -1 -1 -2.08635941636 -0.852524482601
counter is 389
2 5 -0.10 0 -1 1 -0.247747145502 1.6565055174
counter is 390
2 5 -0.10 0 1 -1 -0.259338582736 1.80564209835
counter is 391
2 5 -0.10 0 1 1 -0.778691136115 -0.395037901654
counter is 392
2 5 -0.10 0.02 -1 -1 -2.08635941636 -0.852524482601
counter is 393
2 5 -0.10 0.02 -1 1 -0.247747145502 1.6565055174
counter is 394
2 5 -0.10 0.02 1 -1 -0.259338582736 1.80564209835
counter is 395
2 5 -0.10 0.02 1 1 -0.778691136115 -0.395037901654
counter is 396
2 5 -0.05 0.02 -1 -1 -2.08635941636 -0.852524482601
counter is 397
2 5 -0.05 0.02 -1 1 -0.247747145502 1.6565055174
counter is 398
2 5 -0.05 0.02 1 -1 -0.259338582736 1.80564209835
counter is 399
2 5 -0.05 0.02 1 1 -0.778691136115 -0.395037901654
counter is 400
2 5 -0.05 0 -1 -1 -2.08635941636 -0.852524482601
counter is 401
2 5 -0.05 0 -1 1 -0.247747145502 1.6565055174
counter is 402
2 5 -0.05 0 1 -1 -0.259338582736 1.80564209835
counter is 403
2 5 -0.05 0 1 1 -0.778691136115 -0.395037901654
counter is 404
2 5 -0.05 0.02 -1 -1 -2.08635941636 -0.852524482601
counter is 405
2 5 -0.05 0.02 -1 1 -0.247747145502 1.6565055174
counter is 406
2 5 -0.05 0.02 1 -1 -0.259338582736 1.80564209835
counter is 407
2 5 -0.05 0.02 1 1 -0.778691136115 -0.395037901654
counter is 408
2 5 0.05 0.02 -1 -1 -2.21533282236 -0.902194482601
counter is 409
2 5 0.05 0.02 -1 1 -0.257340973354 1.6105155174
counter is 410
2 5 0.05 0.02 1 -1 -0.258855615392 1.80620209835
counter is 411
2 5 0.05 0.02 1 1 -0.811700935217 -0.406737901654
counter is 412
2 5 0.05 0 -1 -1 -2.21533282236 -0.902194482601
counter is 413
2 5 0.05 0 -1 1 -0.257340973354 1.6105155174
counter is 414
2 5 0.05 0 1 -1 -0.258855615392 1.80620209835
counter is 415
2 5 0.05 0 1 1 -0.811700935217 -0.406737901654
counter is 416
2 5 0.05 0.02 -1 -1 -2.21533282236 -0.902194482601
counter is 417
2 5 0.05 0.02 -1 1 -0.257340973354 1.6105155174
counter is 418
2 5 0.05 0.02 1 -1 -0.258855615392 1.80620209835
counter is 419
2 5 0.05 0.02 1 1 -0.811700935217 -0.406737901654
counter is 420
2 5 0.10 0.02 -1 -1 -2.21533282236 -0.902194482601
counter is 421
2 5 0.10 0.02 -1 1 -0.257340973354 1.6105155174
counter is 422
2 5 0.10 0.02 1 -1 -0.258855615392 1.80620209835
counter is 423
2 5 0.10 0.02 1 1 -0.811700935217 -0.406737901654
counter is 424
2 5 0.10 0 -1 -1 -2.21533282236 -0.902194482601
counter is 425
2 5 0.10 0 -1 1 -0.257340973354 1.6105155174
counter is 426
2 5 0.10 0 1 -1 -0.258855615392 1.80620209835
counter is 427
2 5 0.10 0 1 1 -0.811700935217 -0.406737901654
counter is 428
2 5 0.10 0.02 -1 -1 -2.21533282236 -0.902194482601
counter is 429
2 5 0.10 0.02 -1 1 -0.257340973354 1.6105155174
counter is 430
2 5 0.10 0.02 1 -1 -0.258855615392 1.80620209835
counter is 431
2 5 0.10 0.02 1 1 -0.811700935217 -0.406737901654
counter is 432
2 10 -0.10 0.02 -1 -1 -1.68936780724 -0.895374482601
counter is 433
2 10 -0.10 0.02 -1 1 -0.440536661514 3.6383055174
counter is 434
2 10 -0.10 0.02 1 -1 -0.165432265617 5.08503209835
counter is 435
2 10 -0.10 0.02 1 1 -0.605716664491 -0.164537901654
counter is 436
2 10 -0.10 0 -1 -1 -1.68936780724 -0.895374482601
counter is 437
2 10 -0.10 0 -1 1 -0.440536661514 3.6383055174
counter is 438
2 10 -0.10 0 1 -1 -0.165432265617 5.08503209835
counter is 439
2 10 -0.10 0 1 1 -0.605716664491 -0.164537901654
counter is 440
2 10 -0.10 0.02 -1 -1 -1.68936780724 -0.895374482601
counter is 441
2 10 -0.10 0.02 -1 1 -0.440536661514 3.6383055174
counter is 442
2 10 -0.10 0.02 1 -1 -0.165432265617 5.08503209835
counter is 443
2 10 -0.10 0.02 1 1 -0.605716664491 -0.164537901654
counter is 444
2 10 -0.05 0.02 -1 -1 -1.68936780724 -0.895374482601
counter is 445
2 10 -0.05 0.02 -1 1 -0.440536661514 3.6383055174
counter is 446
2 10 -0.05 0.02 1 -1 -0.165432265617 5.08503209835
counter is 447
2 10 -0.05 0.02 1 1 -0.605716664491 -0.164537901654
counter is 448
2 10 -0.05 0 -1 -1 -1.68936780724 -0.895374482601
counter is 449
2 10 -0.05 0 -1 1 -0.440536661514 3.6383055174
counter is 450
2 10 -0.05 0 1 -1 -0.165432265617 5.08503209835
counter is 451
2 10 -0.05 0 1 1 -0.605716664491 -0.164537901654
counter is 452
2 10 -0.05 0.02 -1 -1 -1.68936780724 -0.895374482601
counter is 453
2 10 -0.05 0.02 -1 1 -0.440536661514 3.6383055174
counter is 454
2 10 -0.05 0.02 1 -1 -0.165432265617 5.08503209835
counter is 455
2 10 -0.05 0.02 1 1 -0.605716664491 -0.164537901654
counter is 456
2 10 0.05 0.02 -1 -1 -1.75017201683 -0.968704482601
counter is 457
2 10 0.05 0.02 -1 1 -0.429336352137 3.6015955174
counter is 458
2 10 0.05 0.02 1 -1 -0.156909365674 5.08524209835
counter is 459
2 10 0.05 0.02 1 1 -0.660523372835 -0.204207901654
counter is 460
2 10 0.05 0 -1 -1 -1.75017201683 -0.968704482601
counter is 461
2 10 0.05 0 -1 1 -0.429336352137 3.6015955174
counter is 462
2 10 0.05 0 1 -1 -0.156909365674 5.08524209835
counter is 463
2 10 0.05 0 1 1 -0.660523372835 -0.204207901654
counter is 464
2 10 0.05 0.02 -1 -1 -1.75017201683 -0.968704482601
counter is 465
2 10 0.05 0.02 -1 1 -0.429336352137 3.6015955174
counter is 466
2 10 0.05 0.02 1 -1 -0.156909365674 5.08524209835
counter is 467
2 10 0.05 0.02 1 1 -0.660523372835 -0.204207901654
counter is 468
2 10 0.10 0.02 -1 -1 -1.75017201683 -0.968704482601
counter is 469
2 10 0.10 0.02 -1 1 -0.429336352137 3.6015955174
counter is 470
2 10 0.10 0.02 1 -1 -0.156909365674 5.08524209835
counter is 471
2 10 0.10 0.02 1 1 -0.660523372835 -0.204207901654
counter is 472
2 10 0.10 0 -1 -1 -1.75017201683 -0.968704482601
counter is 473
2 10 0.10 0 -1 1 -0.429336352137 3.6015955174
counter is 474
2 10 0.10 0 1 -1 -0.156909365674 5.08524209835
counter is 475
2 10 0.10 0 1 1 -0.660523372835 -0.204207901654
counter is 476
2 10 0.10 0.02 -1 -1 -1.75017201683 -0.968704482601
counter is 477
2 10 0.10 0.02 -1 1 -0.429336352137 3.6015955174
counter is 478
2 10 0.10 0.02 1 -1 -0.156909365674 5.08524209835
counter is 479
2 10 0.10 0.02 1 1 -0.660523372835 -0.204207901654
counter is 480
10 5 -0.10 0.02 -1 -1 -1.14671122739 -0.546460994434
counter is 481
10 5 -0.10 0.02 -1 1 -0.618938283638 0.0922329323024
counter is 482
10 5 -0.10 0.02 1 -1 -1.17398297173 -1.05996705025
counter is 483
10 5 -0.10 0.02 1 1 -0.865013637238 -0.500436443261
counter is 484
10 5 -0.10 0 -1 -1 -1.23582547611 -0.579150994434
counter is 485
10 5 -0.10 0 -1 1 -0.617244644896 0.0951429323024
counter is 486
10 5 -0.10 0 1 -1 -1.06127291791 -1.02726705025
counter is 487
10 5 -0.10 0 1 1 -0.881015221614 -0.503346443261
counter is 488
10 5 -0.10 0.02 -1 -1 -1.14671122739 -0.546460994434
counter is 489
10 5 -0.10 0.02 -1 1 -0.618938283638 0.0922329323024
counter is 490
10 5 -0.10 0.02 1 -1 -1.17398297173 -1.05996705025
counter is 491
10 5 -0.10 0.02 1 1 -0.865013637238 -0.500436443261
counter is 492
10 5 -0.05 0.02 -1 -1 -1.20112249268 -0.572010994434
counter is 493
10 5 -0.05 0.02 -1 1 -0.844680100437 -0.290977067698
counter is 494
10 5 -0.05 0.02 1 -1 -1.228605325 -1.14551644326
counter is 495
10 5 -0.05 0.02 1 1 -1.17668283412 -0.559853765423
counter is 496
10 5 -0.05 0 -1 -1 -1.31387836775 -0.604710994434
counter is 497
10 5 -0.05 0 -1 1 -0.847130806333 -0.295197067698
counter is 498
10 5 -0.05 0 1 -1 -1.10459443473 -1.11281644326
counter is 499
10 5 -0.05 0 1 1 -1.15494893187 -0.555633765423
counter is 500
10 5 -0.05 0.02 -1 -1 -1.20112249268 -0.572010994434
counter is 501
10 5 -0.05 0.02 -1 1 -0.844680100437 -0.290977067698
counter is 502
10 5 -0.05 0.02 1 -1 -1.228605325 -1.14551644326
counter is 503
10 5 -0.05 0.02 1 1 -1.17668283412 -0.559853765423
counter is 504
10 5 0.05 0.02 -1 -1 -1.58826060848 -0.646170994434
counter is 505
10 5 0.05 0.02 -1 1 -1.01160888829 -0.564507067698
counter is 506
10 5 0.05 0.02 1 -1 -1.84687756202 -1.44869503978
counter is 507
10 5 0.05 0.02 1 1 -0.921877827038 -0.489923765423
counter is 508
10 5 0.05 0 -1 -1 -1.57544856246 -0.642410994434
counter is 509
10 5 0.05 0 -1 1 -1.01248507552 -0.567707067698
counter is 510
10 5 0.05 0 1 -1 -0.98859465813 -1.45245503978
counter is 511
10 5 0.05 0 1 1 -0.908894450199 -0.486723765423
counter is 512
10 5 0.05 0.02 -1 -1 -1.58826060848 -0.646170994434
counter is 513
10 5 0.05 0.02 -1 1 -1.01160888829 -0.564507067698
counter is 514
10 5 0.05 0.02 1 -1 -1.84687756202 -1.44869503978
counter is 515
10 5 0.05 0.02 1 1 -0.921877827038 -0.489923765423
counter is 516
10 5 0.10 0.02 -1 -1 -1.71429335844 -0.674780994434
counter is 517
10 5 0.10 0.02 -1 1 -1.04948467113 -0.611287067698
counter is 518
10 5 0.10 0.02 1 -1 -1.0186475916 -1.02272503978
counter is 519
10 5 0.10 0.02 1 1 -0.156935991733 -0.217303765423
counter is 520
10 5 0.10 0 -1 -1 -1.71141994876 -0.672740994434
counter is 521
10 5 0.10 0 -1 1 -1.05031571296 -0.614487067698
counter is 522
10 5 0.10 0 1 -1 -1.00293959404 -1.02477503978
counter is 523
10 5 0.10 0 1 1 -0.143841465945 -0.214103765423
counter is 524
10 5 0.10 0.02 -1 -1 -1.71429335844 -0.674780994434
counter is 525
10 5 0.10 0.02 -1 1 -1.04948467113 -0.611287067698
counter is 526
10 5 0.10 0.02 1 -1 -1.0186475916 -1.02272503978
counter is 527
10 5 0.10 0.02 1 1 -0.156935991733 -0.217303765423
counter is 528
10 10 -0.10 0.02 -1 -1 -0.996768981926 -0.455060994434
counter is 529
10 10 -0.10 0.02 -1 1 -0.300598640056 1.4768129323
counter is 530
10 10 -0.10 0.02 1 -1 -0.364207097087 1.02364643634
counter is 531
10 10 -0.10 0.02 1 1 -0.57677328654 -0.371460156488
counter is 532
10 10 -0.10 0 -1 -1 -1.35109090055 -0.654700994434
counter is 533
10 10 -0.10 0 -1 1 -0.300196926419 1.4805229323
counter is 534
10 10 -0.10 0 1 -1 -0.342434175228 1.22328643634
counter is 535
10 10 -0.10 0 1 1 -0.592128878925 -0.375170156488
counter is 536
10 10 -0.10 0.02 -1 -1 -0.996768981926 -0.455060994434
counter is 537
10 10 -0.10 0.02 -1 1 -0.300598640056 1.4768129323
counter is 538
10 10 -0.10 0.02 1 -1 -0.364207097087 1.02364643634
counter is 539
10 10 -0.10 0.02 1 1 -0.57677328654 -0.371460156488
counter is 540
10 10 -0.05 0.02 -1 -1 -1.15870898294 -0.559730994434
counter is 541
10 10 -0.05 0.02 -1 1 -0.390788431629 1.1056329323
counter is 542
10 10 -0.05 0.02 1 -1 -0.355796601751 1.01600984351
counter is 543
10 10 -0.05 0.02 1 1 -0.825328895096 -0.439526106142
counter is 544
10 10 -0.05 0 -1 -1 -1.57281872394 -0.759360994434
counter is 545
10 10 -0.05 0 -1 1 -0.391599828707 1.1059429323
counter is 546
10 10 -0.05 0 1 -1 -0.332021337621 1.21564984351
counter is 547
10 10 -0.05 0 1 1 -0.827310386426 -0.439836106142
counter is 548
10 10 -0.05 0.02 -1 -1 -1.15870898294 -0.559730994434
counter is 549
10 10 -0.05 0.02 -1 1 -0.390788431629 1.1056329323
counter is 550
10 10 -0.05 0.02 1 -1 -0.355796601751 1.01600984351
counter is 551
10 10 -0.05 0.02 1 1 -0.825328895096 -0.439526106142
counter is 552
10 10 0.05 0.02 -1 -1 -1.384875477 -0.616350994434
counter is 553
10 10 0.05 0.02 -1 1 -0.492334528486 0.668662932302
counter is 554
10 10 0.05 0.02 1 -1 -0.482988944295 0.629739843512
counter is 555
10 10 0.05 0.02 1 1 -0.690634790935 -0.361406106142
counter is 556
10 10 0.05 0 -1 -1 -1.4451502021 -0.631490994434
counter is 557
10 10 0.05 0 -1 1 -0.492314340513 0.670142932302
counter is 558
10 10 0.05 0 1 -1 -0.479813174626 0.644879843512
counter is 559
10 10 0.05 0 1 1 -0.694696596745 -0.362886106142
counter is 560
10 10 0.05 0.02 -1 -1 -1.384875477 -0.616350994434
counter is 561
10 10 0.05 0.02 -1 1 -0.492334528486 0.668662932302
counter is 562
10 10 0.05 0.02 1 -1 -0.482988944295 0.629739843512
counter is 563
10 10 0.05 0.02 1 1 -0.690634790935 -0.361406106142
counter is 564
10 10 0.10 0.02 -1 -1 -1.58821276609 -0.676280994434
counter is 565
10 10 0.10 0.02 -1 1 -0.535718651241 0.494792932302
counter is 566
10 10 0.10 0.02 1 -1 -0.405771392246 0.938929843512
counter is 567
10 10 0.10 0.02 1 1 -0.220067428803 -0.0575061061424
counter is 568
10 10 0.10 0 -1 -1 -1.65112763466 -0.691170994434
counter is 569
10 10 0.10 0 -1 1 -0.535503943091 0.496272932302
counter is 570
10 10 0.10 0 1 -1 -0.404086087542 0.953829843512
counter is 571
10 10 0.10 0 1 1 -0.222181775648 -0.0589861061424
counter is 572
10 10 0.10 0.02 -1 -1 -1.58821276609 -0.676280994434
counter is 573
10 10 0.10 0.02 -1 1 -0.535718651241 0.494792932302
counter is 574
10 10 0.10 0.02 1 -1 -0.405771392246 0.938929843512
counter is 575
10 10 0.10 0.02 1 1 -0.220067428803 -0.0575061061424
