540 2 10 2 0 1 0 -32 300 5 -0.198766109223 -0.0387492414096
541 2 10 2 0 1 0 -32 300 7 -0.156623523716 0.0147907585904
542 2 10 2 0 1 0 -32 300 8 -0.518485741207 -0.00665924140957
543 2 10 2 0 1 0 -32 300 9 -0.4820240702 0.0138707585904
544 2 30 2 0 -1 0 -32 10 5 0.513317000741 1.56430552641
545 2 30 2 0 -1 0 -32 10 7 0.194262860739 0.326665526411
546 2 30 2 0 -1 0 -32 10 8 -0.337470786755 -0.248254473589
547 2 30 2 0 -1 0 -32 10 9 -0.17750766003 -0.129704473589
548 2 30 2 0 -1 0 -32 30 5 0.442392746728 0.877478006327
549 2 30 2 0 -1 0 -32 30 7 0.128403512071 0.0961680063273
550 2 30 2 0 -1 0 -32 30 8 -0.197069250247 -0.131521993673
551 2 30 2 0 -1 0 -32 30 9 -0.00382294706384 -0.106161993673
552 2 30 2 0 -1 0 -32 90 5 0.367592473654 0.423795224863
553 2 30 2 0 -1 0 -32 90 7 -0.016036944669 -0.0400441830315
554 2 30 2 0 -1 0 -32 90 8 -0.067035205023 -0.0721045036347
555 2 30 2 0 -1 0 -32 90 9 -0.518651819543 -0.119574775137
556 2 30 2 0 -1 0 -32 300 5 -0.242215698118 -0.0498892414096
557 2 30 2 0 -1 0 -32 300 7 -0.141934559497 0.0176007585904
558 2 30 2 0 -1 0 -32 300 8 -0.244144671871 0.0125107585904
569 2 30 2 0 1 0 -32 90 7 -0.459253081531 -0.598204775137
570 2 30 2 0 1 0 -32 90 8 -0.606702977945 -0.397664775137
571 2 30 2 0 1 0 -32 90 9 -0.606074511823 -0.289824775137
572 2 30 2 0 1 0 -32 300 5 0.432467793255 -0.896318476102
573 2 30 2 0 1 0 -32 300 7 -0.472939108281 -0.13707924141
574 2 30 2 0 1 0 -32 300 8 -0.342211325293 -0.0911692414096
575 2 30 2 0 1 0 -32 300 9 -0.16500944507 -0.0487092414096
592 10 5 2 0 1 0 -32 10 5 -0.425056133013 -0.158974473589
593 10 5 2 0 1 0 -32 10 7 -0.425056133013 -0.158974473589
594 10 5 2 0 1 0 -32 10 8 -0.425056133013 -0.158974473589
595 10 5 2 0 1 0 -32 10 9 -0.425056133013 -0.158974473589
596 10 5 2 0 1 0 -32 30 5 -0.421515841971 -0.157831993673
597 10 5 2 0 1 0 -32 30 7 -0.421515841971 -0.157831993673
598 10 5 2 0 1 0 -32 30 8 -0.421515841971 -0.157831993673
599 10 5 2 0 1 0 -32 30 9 -0.421515841971 -0.157831993673
600 10 5 2 0 1 0 -32 90 5 -0.477197784251 -0.102604775137
601 10 5 2 0 1 0 -32 90 7 -0.477197784251 -0.102604775137
602 10 5 2 0 1 0 -32 90 8 -0.477197784251 -0.102604775137
603 10 5 2 0 1 0 -32 90 9 -0.477197784251 -0.102604775137
604 10 5 2 0 1 0 -32 300 5 -0.544558337528 0.0221807585904
605 10 5 2 0 1 0 -32 300 7 -0.544558337528 0.0221807585904
606 10 5 2 0 1 0 -32 300 8 -0.544558337528 0.0221807585904
607 10 5 2 0 1 0 -32 300 9 -0.544558337528 0.0221807585904
624 10 10 2 0 1 0 -32 10 5 -0.425056133013 -0.158974473589
625 10 10 2 0 1 0 -32 10 7 -0.425056133013 -0.158974473589
626 10 10 2 0 1 0 -32 10 8 -0.425056133013 -0.158974473589
627 10 10 2 0 1 0 -32 10 9 -0.425056133013 -0.158974473589
628 10 10 2 0 1 0 -32 30 5 -0.421515841971 -0.157831993673
629 10 10 2 0 1 0 -32 30 7 -0.421515841971 -0.157831993673
630 10 10 2 0 1 0 -32 30 8 -0.421515841971 -0.157831993673
631 10 10 2 0 1 0 -32 30 9 -0.421515841971 -0.157831993673
632 10 10 2 0 1 0 -32 90 5 -0.477197784251 -0.102604775137
633 10 10 2 0 1 0 -32 90 7 -0.477197784251 -0.102604775137
634 10 10 2 0 1 0 -32 90 8 -0.477197784251 -0.102604775137
635 10 10 2 0 1 0 -32 90 9 -0.477197784251 -0.102604775137
636 10 10 2 0 1 0 -32 300 5 -0.544558337528 0.0221807585904
637 10 10 2 0 1 0 -32 300 7 -0.544558337528 0.0221807585904
638 10 10 2 0 1 0 -32 300 8 -0.544558337528 0.0221807585904
639 10 10 2 0 1 0 -32 300 9 -0.544558337528 0.0221807585904
656 10 30 2 0 1 0 -32 10 5 -0.425056133013 -0.158974473589
657 10 30 2 0 1 0 -32 10 7 -0.425056133013 -0.158974473589
658 10 30 2 0 1 0 -32 10 8 -0.425056133013 -0.158974473589
659 10 30 2 0 1 0 -32 10 9 -0.425056133013 -0.158974473589
660 10 30 2 0 1 0 -32 30 5 -0.421515841971 -0.157831993673
661 10 30 2 0 1 0 -32 30 7 -0.421515841971 -0.157831993673
662 10 30 2 0 1 0 -32 30 8 -0.421515841971 -0.157831993673
663 10 30 2 0 1 0 -32 30 9 -0.421515841971 -0.157831993673
664 10 30 2 0 1 0 -32 90 5 -0.477197784251 -0.102604775137
665 10 30 2 0 1 0 -32 90 7 -0.477197784251 -0.102604775137
666 10 30 2 0 1 0 -32 90 8 -0.477197784251 -0.102604775137
667 10 30 2 0 1 0 -32 90 9 -0.477197784251 -0.102604775137
668 10 30 2 0 1 0 -32 300 5 -0.544558337528 0.0221807585904
669 10 30 2 0 1 0 -32 300 7 -0.544558337528 0.0221807585904
670 10 30 2 0 1 0 -32 300 8 -0.544558337528 0.0221807585904
671 10 30 2 0 1 0 -32 300 9 -0.544558337528 0.0221807585904
688 30 5 2 0 1 0 -32 10 5 -0.425056133013 -0.158974473589
689 30 5 2 0 1 0 -32 10 7 -0.425056133013 -0.158974473589
690 30 5 2 0 1 0 -32 10 8 -0.425056133013 -0.158974473589
691 30 5 2 0 1 0 -32 10 9 -0.425056133013 -0.158974473589
692 30 5 2 0 1 0 -32 30 5 -0.421515841971 -0.157831993673
693 30 5 2 0 1 0 -32 30 7 -0.421515841971 -0.157831993673
694 30 5 2 0 1 0 -32 30 8 -0.421515841971 -0.157831993673
695 30 5 2 0 1 0 -32 30 9 -0.421515841971 -0.157831993673
696 30 5 2 0 1 0 -32 90 5 -0.477197784251 -0.102604775137
697 30 5 2 0 1 0 -32 90 7 -0.477197784251 -0.102604775137
698 30 5 2 0 1 0 -32 90 8 -0.477197784251 -0.102604775137
699 30 5 2 0 1 0 -32 90 9 -0.477197784251 -0.102604775137
700 30 5 2 0 1 0 -32 300 5 -0.544558337528 0.0221807585904
701 30 5 2 0 1 0 -32 300 7 -0.544558337528 0.0221807585904
702 30 5 2 0 1 0 -32 300 8 -0.544558337528 0.0221807585904
703 30 5 2 0 1 0 -32 300 9 -0.544558337528 0.0221807585904
720 30 10 2 0 1 0 -32 10 5 -0.425056133013 -0.158974473589
