1 5 2 0 -1 0 -42 10 7 1 1.20808976889 0.467758369343
1 5 2 0 -1 0 -42 10 8 2 1.26054691631 0.455028242041
1 5 2 0 -1 0 -42 10 9 3 0.681472491207 0.427127963038
1 5 2 0 -1 0 -42 30 5 4 1.38381084488 0.53798921494
1 5 2 0 -1 0 -42 30 7 5 1.19424895815 0.52426921494
1 5 2 0 -1 0 -42 30 8 6 0.863433208717 0.502939543644
1 5 2 0 -1 0 -42 30 9 7 0.523158626091 0.486519379442
1 5 2 0 -1 0 -42 90 5 8 0.88447689382 0.502790362947
1 5 2 0 -1 0 -42 90 7 9 0.158989296324 0.465890362947
1 5 2 0 -1 0 -42 90 8 10 0.188261368448 0.467570362947
1 5 2 0 -1 0 -42 90 9 11 0.447580539734 0.482720362947
1 5 2 0 -1 0 -42 300 5 12 1.06358588174 0.562738414396
1 5 2 0 -1 0 -42 300 7 13 0.81474569389 0.556928414396
1 5 2 0 -1 0 -42 300 8 14 0.994338680022 0.563618414396
1 5 2 0 -1 0 -42 300 9 15 1.04389454326 0.566008414396
1 5 2 0 1 0 -42 10 5 16 -0.822519376327 0.300217566935
1 5 2 0 1 0 -42 10 7 17 -0.811135089093 0.307277566935
1 5 2 0 1 0 -42 10 8 18 -0.890853279044 0.320007566935
1 5 2 0 1 0 -42 10 9 19 -0.365395012905 0.347907566935
1 5 2 0 1 0 -42 30 5 20 -0.776163555976 0.40213921494
1 5 2 0 1 0 -42 30 7 21 -0.597009340363 0.41585921494
1 5 2 0 1 0 -42 30 8 22 -0.302345650129 0.43719921494
1 5 2 0 1 0 -42 30 9 23 0.0457121953168 0.45361921494
1 5 2 0 1 0 -42 90 5 24 -0.187333904059 0.448940362947
1 5 2 0 1 0 -42 90 7 25 0.532105714733 0.485840362947
1 5 2 0 1 0 -42 90 8 26 0.502476599015 0.484160362947
1 5 2 0 1 0 -42 90 9 27 0.238799918582 0.469010362947
1 5 2 0 1 0 -42 300 5 28 0.285429013236 0.541588414396
1 5 2 0 1 0 -42 300 7 29 0.535459327815 0.547398414396
1 5 2 0 1 0 -42 300 8 30 0.355640010482 0.540708414396
1 5 2 0 1 0 -42 300 9 31 0.311008766296 0.538328275995
1 10 2 0 -1 0 -42 10 5 32 1.22425217125 0.474818439943
1 10 2 0 -1 0 -42 10 7 33 1.20808976889 0.467758369343
1 10 2 0 -1 0 -42 10 8 34 1.26054691631 0.455028242041
1 10 2 0 -1 0 -42 10 9 35 0.681472491207 0.427127963038
1 10 2 0 -1 0 -42 30 5 36 1.38381084488 0.53798921494
1 10 2 0 -1 0 -42 30 7 37 1.19424895815 0.52426921494
1 10 2 0 -1 0 -42 30 8 38 0.863433208717 0.502939543644
1 10 2 0 -1 0 -42 30 9 39 0.523158626091 0.486519379442
1 10 2 0 -1 0 -42 90 5 40 0.88447689382 0.502790362947
1 10 2 0 -1 0 -42 90 7 41 0.158989296324 0.465890362947
1 10 2 0 -1 0 -42 90 8 42 0.188261368448 0.467570362947
1 10 2 0 -1 0 -42 90 9 43 0.447580539734 0.482720362947
1 10 2 0 -1 0 -42 300 5 44 1.06358588174 0.562738414396
1 10 2 0 -1 0 -42 300 7 45 0.81474569389 0.556928414396
1 10 2 0 -1 0 -42 300 8 46 0.994338680022 0.563618414396
1 10 2 0 -1 0 -42 300 9 47 1.04389454326 0.566008414396
1 10 2 0 1 0 -42 10 5 48 -0.822519376327 0.300217566935
1 10 2 0 1 0 -42 10 7 49 -0.811135089093 0.307277566935
1 10 2 0 1 0 -42 10 8 50 -0.890853279044 0.320007566935
1 10 2 0 1 0 -42 10 9 51 -0.365395012905 0.347907566935
1 10 2 0 1 0 -42 30 5 52 -0.776163555976 0.40213921494
1 10 2 0 1 0 -42 30 7 53 -0.597009340363 0.41585921494
1 10 2 0 1 0 -42 30 8 54 -0.302345650129 0.43719921494
1 10 2 0 1 0 -42 30 9 55 0.0457121953168 0.45361921494
1 10 2 0 1 0 -42 90 5 56 -0.187333904059 0.448940362947
1 10 2 0 1 0 -42 90 7 57 0.532105714733 0.485840362947
1 10 2 0 1 0 -42 90 8 58 0.502476599015 0.484160362947
1 10 2 0 1 0 -42 90 9 59 0.238799918582 0.469010362947
1 10 2 0 1 0 -42 300 5 60 0.285429013236 0.541588414396
1 10 2 0 1 0 -42 300 7 61 0.535459327815 0.547398414396
1 10 2 0 1 0 -42 300 8 62 0.355640010482 0.540708414396
1 10 2 0 1 0 -42 300 9 63 0.311008766296 0.538328275995
1 30 2 0 -1 0 -42 10 5 64 1.22425217125 0.474818439943
1 30 2 0 -1 0 -42 10 7 65 1.20808976889 0.467758369343
1 30 2 0 -1 0 -42 10 8 66 1.26054691631 0.455028242041
1 30 2 0 -1 0 -42 10 9 67 0.681472491207 0.427127963038
1 30 2 0 -1 0 -42 30 5 68 1.38381084488 0.53798921494
1 30 2 0 -1 0 -42 30 7 69 1.19424895815 0.52426921494
1 30 2 0 -1 0 -42 30 8 70 0.863433208717 0.502939543644
1 30 2 0 -1 0 -42 30 9 71 0.523158626091 0.486519379442
1 30 2 0 -1 0 -42 90 5 72 0.88447689382 0.502790362947
1 30 2 0 -1 0 -42 90 7 73 0.158989296324 0.465890362947
1 30 2 0 -1 0 -42 90 8 74 0.188261368448 0.467570362947
1 30 2 0 -1 0 -42 90 9 75 0.447580539734 0.482720362947
1 30 2 0 -1 0 -42 300 5 76 1.06358588174 0.562738414396
1 30 2 0 -1 0 -42 300 7 77 0.81474569389 0.556928414396
1 30 2 0 -1 0 -42 300 8 78 0.994338680022 0.563618414396
1 30 2 0 -1 0 -42 300 9 79 1.04389454326 0.566008414396
1 30 2 0 1 0 -42 10 5 80 -0.822519376327 0.300217566935
1 30 2 0 1 0 -42 10 7 81 -0.811135089093 0.307277566935
1 30 2 0 1 0 -42 10 8 82 -0.890853279044 0.320007566935
1 30 2 0 1 0 -42 10 9 83 -0.365395012905 0.347907566935
1 30 2 0 1 0 -42 30 5 84 -0.776163555976 0.40213921494
1 30 2 0 1 0 -42 30 7 85 -0.597009340363 0.41585921494
1 30 2 0 1 0 -42 30 8 86 -0.302345650129 0.43719921494
1 30 2 0 1 0 -42 30 9 87 0.0457121953168 0.45361921494
1 30 2 0 1 0 -42 90 5 88 -0.187333904059 0.448940362947
1 30 2 0 1 0 -42 90 7 89 0.532105714733 0.485840362947
1 30 2 0 1 0 -42 90 8 90 0.502476599015 0.484160362947
1 30 2 0 1 0 -42 90 9 91 0.238799918582 0.469010362947
1 30 2 0 1 0 -42 300 5 92 0.285429013236 0.541588414396
1 30 2 0 1 0 -42 300 7 93 0.535459327815 0.547398414396
1 30 2 0 1 0 -42 300 8 94 0.355640010482 0.540708414396
1 30 2 0 1 0 -42 300 9 95 0.311008766296 0.538328275995
2 5 2 0 -1 0 -42 10 5 96 1.22425217125 0.474818439943
2 5 2 0 -1 0 -42 10 7 97 1.20808976889 0.467758369343
2 5 2 0 -1 0 -42 10 8 98 1.26054691631 0.455028242041
2 5 2 0 -1 0 -42 10 9 99 0.681472491207 0.427127963038
2 5 2 0 -1 0 -42 30 5 100 1.38381084488 0.53798921494
2 5 2 0 -1 0 -42 30 7 101 1.19424895815 0.52426921494
2 5 2 0 -1 0 -42 30 8 102 0.863433208717 0.502939543644
2 5 2 0 -1 0 -42 30 9 103 0.523158626091 0.486519379442
2 5 2 0 -1 0 -42 90 5 104 0.88447689382 0.502790362947
2 5 2 0 -1 0 -42 90 7 105 0.158989296324 0.465890362947
2 5 2 0 -1 0 -42 90 8 106 0.188261368448 0.467570362947
2 5 2 0 -1 0 -42 90 9 107 0.447580539734 0.482720362947
2 5 2 0 -1 0 -42 300 5 108 1.06358588174 0.562738414396
2 5 2 0 -1 0 -42 300 7 109 0.81474569389 0.556928414396
2 5 2 0 -1 0 -42 300 8 110 0.994338680022 0.563618414396
2 5 2 0 -1 0 -42 300 9 111 1.04389454326 0.566008414396
2 5 2 0 1 0 -42 10 5 112 -0.822519376327 0.300217566935
2 5 2 0 1 0 -42 10 7 113 -0.811135089093 0.307277566935
2 5 2 0 1 0 -42 10 8 114 -0.890853279044 0.320007566935
2 5 2 0 1 0 -42 10 9 115 -0.365395012905 0.347907566935
2 5 2 0 1 0 -42 30 5 116 -0.776163555976 0.40213921494
2 5 2 0 1 0 -42 30 7 117 -0.597009340363 0.41585921494
2 5 2 0 1 0 -42 30 8 118 -0.302345650129 0.43719921494
2 5 2 0 1 0 -42 30 9 119 0.0457121953168 0.45361921494
2 5 2 0 1 0 -42 90 5 120 -0.187333904059 0.448940362947
2 5 2 0 1 0 -42 90 7 121 0.532105714733 0.485840362947
2 5 2 0 1 0 -42 90 8 122 0.502476599015 0.484160362947
2 5 2 0 1 0 -42 90 9 123 0.238799918582 0.469010362947
2 5 2 0 1 0 -42 300 5 124 0.285429013236 0.541588414396
2 5 2 0 1 0 -42 300 7 125 0.535459327815 0.547398414396
2 5 2 0 1 0 -42 300 8 126 0.355640010482 0.540708414396
2 5 2 0 1 0 -42 300 9 127 0.311008766296 0.538328275995
2 10 2 0 -1 0 -42 10 5 128 1.22425217125 0.474818439943
2 10 2 0 -1 0 -42 10 7 129 1.20808976889 0.467758369343
2 10 2 0 -1 0 -42 10 8 130 1.26054691631 0.455028242041
2 10 2 0 -1 0 -42 10 9 131 0.681472491207 0.427127963038
2 10 2 0 -1 0 -42 30 5 132 1.38381084488 0.53798921494
2 10 2 0 -1 0 -42 30 7 133 1.19424895815 0.52426921494
2 10 2 0 -1 0 -42 30 8 134 0.863433208717 0.502939543644
2 10 2 0 -1 0 -42 30 9 135 0.523158626091 0.486519379442
2 10 2 0 -1 0 -42 90 5 136 0.88447689382 0.502790362947
2 10 2 0 -1 0 -42 90 7 137 0.158989296324 0.465890362947
2 10 2 0 -1 0 -42 90 8 138 0.188261368448 0.467570362947
2 10 2 0 -1 0 -42 90 9 139 0.447580539734 0.482720362947
2 10 2 0 -1 0 -42 300 5 140 1.06358588174 0.562738414396
2 10 2 0 -1 0 -42 300 7 141 0.81474569389 0.556928414396
2 10 2 0 -1 0 -42 300 8 142 0.994338680022 0.563618414396
2 10 2 0 -1 0 -42 300 9 143 1.04389454326 0.566008414396
2 10 2 0 1 0 -42 10 5 144 -0.822519376327 0.300217566935
2 10 2 0 1 0 -42 10 7 145 -0.811135089093 0.307277566935
2 10 2 0 1 0 -42 10 8 146 -0.890853279044 0.320007566935
2 10 2 0 1 0 -42 10 9 147 -0.365395012905 0.347907566935
2 10 2 0 1 0 -42 30 5 148 -0.776163555976 0.40213921494
2 10 2 0 1 0 -42 30 7 149 -0.597009340363 0.41585921494
2 10 2 0 1 0 -42 30 8 150 -0.302345650129 0.43719921494
2 10 2 0 1 0 -42 30 9 151 0.0457121953168 0.45361921494
2 10 2 0 1 0 -42 90 5 152 -0.187333904059 0.448940362947
2 10 2 0 1 0 -42 90 7 153 0.532105714733 0.485840362947
2 10 2 0 1 0 -42 90 8 154 0.502476599015 0.484160362947
2 10 2 0 1 0 -42 90 9 155 0.238799918582 0.469010362947
2 10 2 0 1 0 -42 300 5 156 0.285429013236 0.541588414396
2 10 2 0 1 0 -42 300 7 157 0.535459327815 0.547398414396
2 10 2 0 1 0 -42 300 8 158 0.355640010482 0.540708414396
2 10 2 0 1 0 -42 300 9 159 0.311008766296 0.538328275995
2 30 2 0 -1 0 -42 10 5 160 1.22425217125 0.474818439943
2 30 2 0 -1 0 -42 10 7 161 1.20808976889 0.467758369343
2 30 2 0 -1 0 -42 10 8 162 1.26054691631 0.455028242041
2 30 2 0 -1 0 -42 10 9 163 0.681472491207 0.427127963038
2 30 2 0 -1 0 -42 30 5 164 1.38381084488 0.53798921494
2 30 2 0 -1 0 -42 30 7 165 1.19424895815 0.52426921494
2 30 2 0 -1 0 -42 30 8 166 0.863433208717 0.502939543644
2 30 2 0 -1 0 -42 30 9 167 0.523158626091 0.486519379442
2 30 2 0 -1 0 -42 90 5 168 0.88447689382 0.502790362947
2 30 2 0 -1 0 -42 90 7 169 0.158989296324 0.465890362947
2 30 2 0 -1 0 -42 90 8 170 0.188261368448 0.467570362947
2 30 2 0 -1 0 -42 90 9 171 0.447580539734 0.482720362947
2 30 2 0 -1 0 -42 300 5 172 1.06358588174 0.562738414396
2 30 2 0 -1 0 -42 300 7 173 0.81474569389 0.556928414396
2 30 2 0 -1 0 -42 300 8 174 0.994338680022 0.563618414396
2 30 2 0 -1 0 -42 300 9 175 1.04389454326 0.566008414396
2 30 2 0 1 0 -42 10 5 176 -0.822519376327 0.300217566935
2 30 2 0 1 0 -42 10 7 177 -0.811135089093 0.307277566935
2 30 2 0 1 0 -42 10 8 178 -0.890853279044 0.320007566935
2 30 2 0 1 0 -42 10 9 179 -0.365395012905 0.347907566935
2 30 2 0 1 0 -42 30 5 180 -0.776163555976 0.40213921494
2 30 2 0 1 0 -42 30 7 181 -0.597009340363 0.41585921494
2 30 2 0 1 0 -42 30 8 182 -0.302345650129 0.43719921494
2 30 2 0 1 0 -42 30 9 183 0.0457121953168 0.45361921494
2 30 2 0 1 0 -42 90 5 184 -0.187333904059 0.448940362947
2 30 2 0 1 0 -42 90 7 185 0.532105714733 0.485840362947
2 30 2 0 1 0 -42 90 8 186 0.502476599015 0.484160362947
2 30 2 0 1 0 -42 90 9 187 0.238799918582 0.469010362947
2 30 2 0 1 0 -42 300 5 188 0.285429013236 0.541588414396
2 30 2 0 1 0 -42 300 7 189 0.535459327815 0.547398414396
2 30 2 0 1 0 -42 300 8 190 0.355640010482 0.540708414396
2 30 2 0 1 0 -42 300 9 191 0.311008766296 0.538328275995
10 5 2 0 -1 0 -42 10 5 192 1.22425217125 0.474818439943
10 5 2 0 -1 0 -42 10 7 193 1.20808976889 0.467758369343
10 5 2 0 -1 0 -42 10 8 194 1.26054691631 0.455028242041
10 5 2 0 -1 0 -42 10 9 195 0.681472491207 0.427127963038
10 5 2 0 -1 0 -42 30 5 196 1.38381084488 0.53798921494
10 5 2 0 -1 0 -42 30 7 197 1.19424895815 0.52426921494
10 5 2 0 -1 0 -42 30 8 198 0.863433208717 0.502939543644
10 5 2 0 -1 0 -42 30 9 199 0.523158626091 0.486519379442
10 5 2 0 -1 0 -42 90 5 200 0.88447689382 0.502790362947
10 5 2 0 -1 0 -42 90 7 201 0.158989296324 0.465890362947
10 5 2 0 -1 0 -42 90 8 202 0.188261368448 0.467570362947
10 5 2 0 -1 0 -42 90 9 203 0.447580539734 0.482720362947
10 5 2 0 -1 0 -42 300 5 204 1.06358588174 0.562738414396
10 5 2 0 -1 0 -42 300 7 205 0.81474569389 0.556928414396
10 5 2 0 -1 0 -42 300 8 206 0.994338680022 0.563618414396
10 5 2 0 -1 0 -42 300 9 207 1.04389454326 0.566008414396
10 5 2 0 1 0 -42 10 5 208 -0.822519376327 0.300217566935
10 5 2 0 1 0 -42 10 7 209 -0.811135089093 0.307277566935
10 5 2 0 1 0 -42 10 8 210 -0.890853279044 0.320007566935
10 5 2 0 1 0 -42 10 9 211 -0.365395012905 0.347907566935
10 5 2 0 1 0 -42 30 5 212 -0.776163555976 0.40213921494
10 5 2 0 1 0 -42 30 7 213 -0.597009340363 0.41585921494
10 5 2 0 1 0 -42 30 8 214 -0.302345650129 0.43719921494
10 5 2 0 1 0 -42 30 9 215 0.0457121953168 0.45361921494
10 5 2 0 1 0 -42 90 5 216 -0.187333904059 0.448940362947
10 5 2 0 1 0 -42 90 7 217 0.532105714733 0.485840362947
10 5 2 0 1 0 -42 90 8 218 0.502476599015 0.484160362947
10 5 2 0 1 0 -42 90 9 219 0.238799918582 0.469010362947
10 5 2 0 1 0 -42 300 5 220 0.285429013236 0.541588414396
10 5 2 0 1 0 -42 300 7 221 0.535459327815 0.547398414396
10 5 2 0 1 0 -42 300 8 222 0.355640010482 0.540708414396
10 5 2 0 1 0 -42 300 9 223 0.311008766296 0.538328275995
10 10 2 0 -1 0 -42 10 5 224 1.22425217125 0.474818439943
10 10 2 0 -1 0 -42 10 7 225 1.20808976889 0.467758369343
10 10 2 0 -1 0 -42 10 8 226 1.26054691631 0.455028242041
10 10 2 0 -1 0 -42 10 9 227 0.681472491207 0.427127963038
10 10 2 0 -1 0 -42 30 5 228 1.38381084488 0.53798921494
10 10 2 0 -1 0 -42 30 7 229 1.19424895815 0.52426921494
10 10 2 0 -1 0 -42 30 8 230 0.863433208717 0.502939543644
10 10 2 0 -1 0 -42 30 9 231 0.523158626091 0.486519379442
10 10 2 0 -1 0 -42 90 5 232 0.88447689382 0.502790362947
10 10 2 0 -1 0 -42 90 7 233 0.158989296324 0.465890362947
10 10 2 0 -1 0 -42 90 8 234 0.188261368448 0.467570362947
10 10 2 0 -1 0 -42 90 9 235 0.447580539734 0.482720362947
10 10 2 0 -1 0 -42 300 5 236 1.06358588174 0.562738414396
10 10 2 0 -1 0 -42 300 7 237 0.81474569389 0.556928414396
10 10 2 0 -1 0 -42 300 8 238 0.994338680022 0.563618414396
10 10 2 0 -1 0 -42 300 9 239 1.04389454326 0.566008414396
10 10 2 0 1 0 -42 10 5 240 -0.822519376327 0.300217566935
10 10 2 0 1 0 -42 10 7 241 -0.811135089093 0.307277566935
10 10 2 0 1 0 -42 10 8 242 -0.890853279044 0.320007566935
10 10 2 0 1 0 -42 10 9 243 -0.365395012905 0.347907566935
10 10 2 0 1 0 -42 30 5 244 -0.776163555976 0.40213921494
10 10 2 0 1 0 -42 30 7 245 -0.597009340363 0.41585921494
10 10 2 0 1 0 -42 30 8 246 -0.302345650129 0.43719921494
10 10 2 0 1 0 -42 30 9 247 0.0457121953168 0.45361921494
10 10 2 0 1 0 -42 90 5 248 -0.187333904059 0.448940362947
10 10 2 0 1 0 -42 90 7 249 0.532105714733 0.485840362947
10 10 2 0 1 0 -42 90 8 250 0.502476599015 0.484160362947
10 10 2 0 1 0 -42 90 9 251 0.238799918582 0.469010362947
10 10 2 0 1 0 -42 300 5 252 0.285429013236 0.541588414396
10 10 2 0 1 0 -42 300 7 253 0.535459327815 0.547398414396
10 10 2 0 1 0 -42 300 8 254 0.355640010482 0.540708414396
10 10 2 0 1 0 -42 300 9 255 0.311008766296 0.538328275995
10 30 2 0 -1 0 -42 10 5 256 1.22425217125 0.474818439943
10 30 2 0 -1 0 -42 10 7 257 1.20808976889 0.467758369343
10 30 2 0 -1 0 -42 10 8 258 1.26054691631 0.455028242041
10 30 2 0 -1 0 -42 10 9 259 0.681472491207 0.427127963038
10 30 2 0 -1 0 -42 30 5 260 1.38381084488 0.53798921494
10 30 2 0 -1 0 -42 30 7 261 1.19424895815 0.52426921494
10 30 2 0 -1 0 -42 30 8 262 0.863433208717 0.502939543644
10 30 2 0 -1 0 -42 30 9 263 0.523158626091 0.486519379442
10 30 2 0 -1 0 -42 90 5 264 0.88447689382 0.502790362947
10 30 2 0 -1 0 -42 90 7 265 0.158989296324 0.465890362947
10 30 2 0 -1 0 -42 90 8 266 0.188261368448 0.467570362947
10 30 2 0 -1 0 -42 90 9 267 0.447580539734 0.482720362947
10 30 2 0 -1 0 -42 300 5 268 1.06358588174 0.562738414396
10 30 2 0 -1 0 -42 300 7 269 0.81474569389 0.556928414396
10 30 2 0 -1 0 -42 300 8 270 0.994338680022 0.563618414396
10 30 2 0 -1 0 -42 300 9 271 1.04389454326 0.566008414396
10 30 2 0 1 0 -42 10 5 272 -0.822519376327 0.300217566935
10 30 2 0 1 0 -42 10 7 273 -0.811135089093 0.307277566935
10 30 2 0 1 0 -42 10 8 274 -0.890853279044 0.320007566935
10 30 2 0 1 0 -42 10 9 275 -0.365395012905 0.347907566935
10 30 2 0 1 0 -42 30 5 276 -0.776163555976 0.40213921494
10 30 2 0 1 0 -42 30 7 277 -0.597009340363 0.41585921494
10 30 2 0 1 0 -42 30 8 278 -0.302345650129 0.43719921494
10 30 2 0 1 0 -42 30 9 279 0.0457121953168 0.45361921494
10 30 2 0 1 0 -42 90 5 280 -0.187333904059 0.448940362947
10 30 2 0 1 0 -42 90 7 281 0.532105714733 0.485840362947
10 30 2 0 1 0 -42 90 8 282 0.502476599015 0.484160362947
10 30 2 0 1 0 -42 90 9 283 0.238799918582 0.469010362947
10 30 2 0 1 0 -42 300 5 284 0.285429013236 0.541588414396
10 30 2 0 1 0 -42 300 7 285 0.535459327815 0.547398414396
10 30 2 0 1 0 -42 300 8 286 0.355640010482 0.540708414396
10 30 2 0 1 0 -42 300 9 287 0.311008766296 0.538328275995
30 5 2 0 -1 0 -42 10 5 288 1.22425217125 0.474818439943
30 5 2 0 -1 0 -42 10 7 289 1.20808976889 0.467758369343
30 5 2 0 -1 0 -42 10 8 290 1.26054691631 0.455028242041
30 5 2 0 -1 0 -42 10 9 291 0.681472491207 0.427127963038
30 5 2 0 -1 0 -42 30 5 292 1.38381084488 0.53798921494
30 5 2 0 -1 0 -42 30 7 293 1.19424895815 0.52426921494
30 5 2 0 -1 0 -42 30 8 294 0.863433208717 0.502939543644
30 5 2 0 -1 0 -42 30 9 295 0.523158626091 0.486519379442
30 5 2 0 -1 0 -42 90 5 296 0.88447689382 0.502790362947
30 5 2 0 -1 0 -42 90 7 297 0.158989296324 0.465890362947
30 5 2 0 -1 0 -42 90 8 298 0.188261368448 0.467570362947
30 5 2 0 -1 0 -42 90 9 299 0.447580539734 0.482720362947
30 5 2 0 -1 0 -42 300 5 300 1.06358588174 0.562738414396
30 5 2 0 -1 0 -42 300 7 301 0.81474569389 0.556928414396
30 5 2 0 -1 0 -42 300 8 302 0.994338680022 0.563618414396
30 5 2 0 -1 0 -42 300 9 303 1.04389454326 0.566008414396
30 5 2 0 1 0 -42 10 5 304 -0.822519376327 0.300217566935
30 5 2 0 1 0 -42 10 7 305 -0.811135089093 0.307277566935
30 5 2 0 1 0 -42 10 8 306 -0.890853279044 0.320007566935
30 5 2 0 1 0 -42 10 9 307 -0.365395012905 0.347907566935
30 5 2 0 1 0 -42 30 5 308 -0.776163555976 0.40213921494
30 5 2 0 1 0 -42 30 7 309 -0.597009340363 0.41585921494
30 5 2 0 1 0 -42 30 8 310 -0.302345650129 0.43719921494
30 5 2 0 1 0 -42 30 9 311 0.0457121953168 0.45361921494
30 5 2 0 1 0 -42 90 5 312 -0.187333904059 0.448940362947
30 5 2 0 1 0 -42 90 7 313 0.532105714733 0.485840362947
30 5 2 0 1 0 -42 90 8 314 0.502476599015 0.484160362947
30 5 2 0 1 0 -42 90 9 315 0.238799918582 0.469010362947
30 5 2 0 1 0 -42 300 5 316 0.285429013236 0.541588414396
30 5 2 0 1 0 -42 300 7 317 0.535459327815 0.547398414396
30 5 2 0 1 0 -42 300 8 318 0.355640010482 0.540708414396
30 5 2 0 1 0 -42 300 9 319 0.311008766296 0.538328275995
30 10 2 0 -1 0 -42 10 5 320 1.22425217125 0.474818439943
30 10 2 0 -1 0 -42 10 7 321 1.20808976889 0.467758369343
30 10 2 0 -1 0 -42 10 8 322 1.26054691631 0.455028242041
30 10 2 0 -1 0 -42 10 9 323 0.681472491207 0.427127963038
30 10 2 0 -1 0 -42 30 5 324 1.38381084488 0.53798921494
30 10 2 0 -1 0 -42 30 7 325 1.19424895815 0.52426921494
30 10 2 0 -1 0 -42 30 8 326 0.863433208717 0.502939543644
30 10 2 0 -1 0 -42 30 9 327 0.523158626091 0.486519379442
30 10 2 0 -1 0 -42 90 5 328 0.88447689382 0.502790362947
30 10 2 0 -1 0 -42 90 7 329 0.158989296324 0.465890362947
30 10 2 0 -1 0 -42 90 8 330 0.188261368448 0.467570362947
30 10 2 0 -1 0 -42 90 9 331 0.447580539734 0.482720362947
30 10 2 0 -1 0 -42 300 5 332 1.06358588174 0.562738414396
30 10 2 0 -1 0 -42 300 7 333 0.81474569389 0.556928414396
30 10 2 0 -1 0 -42 300 8 334 0.994338680022 0.563618414396
30 10 2 0 -1 0 -42 300 9 335 1.04389454326 0.566008414396
30 10 2 0 1 0 -42 10 5 336 -0.822519376327 0.300217566935
30 10 2 0 1 0 -42 10 7 337 -0.811135089093 0.307277566935
30 10 2 0 1 0 -42 10 8 338 -0.890853279044 0.320007566935
30 10 2 0 1 0 -42 10 9 339 -0.365395012905 0.347907566935
30 10 2 0 1 0 -42 30 5 340 -0.776163555976 0.40213921494
30 10 2 0 1 0 -42 30 7 341 -0.597009340363 0.41585921494
30 10 2 0 1 0 -42 30 8 342 -0.302345650129 0.43719921494
30 10 2 0 1 0 -42 30 9 343 0.0457121953168 0.45361921494
30 10 2 0 1 0 -42 90 5 344 -0.187333904059 0.448940362947
30 10 2 0 1 0 -42 90 7 345 0.532105714733 0.485840362947
30 10 2 0 1 0 -42 90 8 346 0.502476599015 0.484160362947
30 10 2 0 1 0 -42 90 9 347 0.238799918582 0.469010362947
30 10 2 0 1 0 -42 300 5 348 0.285429013236 0.541588414396
30 10 2 0 1 0 -42 300 7 349 0.535459327815 0.547398414396
30 10 2 0 1 0 -42 300 8 350 0.355640010482 0.540708414396
30 10 2 0 1 0 -42 300 9 351 0.311008766296 0.538328275995
30 30 2 0 -1 0 -42 10 5 352 1.22425217125 0.474818439943
30 30 2 0 -1 0 -42 10 7 353 1.20808976889 0.467758369343
30 30 2 0 -1 0 -42 10 8 354 1.26054691631 0.455028242041
30 30 2 0 -1 0 -42 10 9 355 0.681472491207 0.427127963038
30 30 2 0 -1 0 -42 30 5 356 1.38381084488 0.53798921494
30 30 2 0 -1 0 -42 30 7 357 1.19424895815 0.52426921494
30 30 2 0 -1 0 -42 30 8 358 0.863433208717 0.502939543644
30 30 2 0 -1 0 -42 30 9 359 0.523158626091 0.486519379442
30 30 2 0 -1 0 -42 90 5 360 0.88447689382 0.502790362947
30 30 2 0 -1 0 -42 90 7 361 0.158989296324 0.465890362947
30 30 2 0 -1 0 -42 90 8 362 0.188261368448 0.467570362947
30 30 2 0 -1 0 -42 90 9 363 0.447580539734 0.482720362947
30 30 2 0 -1 0 -42 300 5 364 1.06358588174 0.562738414396
30 30 2 0 -1 0 -42 300 7 365 0.81474569389 0.556928414396
30 30 2 0 -1 0 -42 300 8 366 0.994338680022 0.563618414396
30 30 2 0 -1 0 -42 300 9 367 1.04389454326 0.566008414396
30 30 2 0 1 0 -42 10 5 368 -0.822519376327 0.300217566935
30 30 2 0 1 0 -42 10 7 369 -0.811135089093 0.307277566935
30 30 2 0 1 0 -42 10 8 370 -0.890853279044 0.320007566935
30 30 2 0 1 0 -42 10 9 371 -0.365395012905 0.347907566935
30 30 2 0 1 0 -42 30 5 372 -0.776163555976 0.40213921494
30 30 2 0 1 0 -42 30 7 373 -0.597009340363 0.41585921494
30 30 2 0 1 0 -42 30 8 374 -0.302345650129 0.43719921494
30 30 2 0 1 0 -42 30 9 375 0.0457121953168 0.45361921494
30 30 2 0 1 0 -42 90 5 376 -0.187333904059 0.448940362947
30 30 2 0 1 0 -42 90 7 377 0.532105714733 0.485840362947
30 30 2 0 1 0 -42 90 8 378 0.502476599015 0.484160362947
30 30 2 0 1 0 -42 90 9 379 0.238799918582 0.469010362947
30 30 2 0 1 0 -42 300 5 380 0.285429013236 0.541588414396
30 30 2 0 1 0 -42 300 7 381 0.535459327815 0.547398414396
30 30 2 0 1 0 -42 300 8 382 0.355640010482 0.540708414396
30 30 2 0 1 0 -42 300 9 383 0.311008766296 0.538328275995
1 5 2 0 -1 0 -22 10 5 384 1.45312088834 0.449287566935
1 5 2 0 -1 0 -22 10 7 385 0.0928491195509 0.375827477148
1 5 2 0 -1 0 -22 10 8 386 0.464678015465 0.423209861586
1 5 2 0 -1 0 -22 10 9 387 0.846225516247 0.466171346459
1 5 2 0 -1 0 -22 30 5 388 1.37737887866 0.52072921494
1 5 2 0 -1 0 -22 30 7 389 0.432354162424 0.394887745052
1 5 2 0 -1 0 -22 30 8 390 0.403841520134 0.428156974261
1 5 2 0 -1 0 -22 90 5 392 0.797481577841 0.492900362947
1 5 2 0 -1 0 -22 90 7 393 0.560784938498 0.454628089285
1 5 2 0 -1 0 -22 300 5 396 1.65229814047 0.572308414396
1 5 2 0 1 0 -22 10 5 400 -0.704506817036 0.333037566935
1 5 2 0 1 0 -22 10 7 401 0.217401628715 0.381237477148
1 5 2 0 1 0 -22 10 8 402 -0.0566442001932 0.403399861586
1 5 2 0 1 0 -22 10 9 403 -0.0181468044114 0.454301346459
1 5 2 0 1 0 -22 30 5 404 -0.570486160113 0.42004921494
1 5 2 0 1 0 -22 30 7 405 -0.0724995848063 0.365937745052
1 5 2 0 1 0 -22 30 8 406 0.0604007852264 0.416006974261
1 5 2 0 1 0 -22 90 5 408 0.0436775156508 0.463610362947
1 5 2 0 1 0 -22 90 7 409 0.112485893432 0.447258089285
1 5 2 0 1 0 -22 300 5 412 0.105374705305 0.536708414396
1 10 2 0 -1 0 -22 10 5 416 1.45312088834 0.449287566935
1 10 2 0 -1 0 -22 10 7 417 0.0928491195509 0.375827477148
1 10 2 0 -1 0 -22 10 8 418 0.464678015465 0.423209861586
1 10 2 0 -1 0 -22 10 9 419 0.846225516247 0.466171346459
1 10 2 0 -1 0 -22 30 5 420 1.37737887866 0.52072921494
1 10 2 0 -1 0 -22 30 7 421 0.432354162424 0.394887745052
1 10 2 0 -1 0 -22 30 8 422 0.403841520134 0.428156974261
1 10 2 0 -1 0 -22 90 5 424 0.797481577841 0.492900362947
1 10 2 0 -1 0 -22 90 7 425 0.560784938498 0.454628089285
1 10 2 0 -1 0 -22 300 5 428 1.65229814047 0.572308414396
1 10 2 0 1 0 -22 10 5 432 -0.704506817036 0.333037566935
1 10 2 0 1 0 -22 10 7 433 0.217401628715 0.381237477148
1 10 2 0 1 0 -22 10 8 434 -0.0566442001932 0.403399861586
1 10 2 0 1 0 -22 10 9 435 -0.0181468044114 0.454301346459
1 10 2 0 1 0 -22 30 5 436 -0.570486160113 0.42004921494
1 10 2 0 1 0 -22 30 7 437 -0.0724995848063 0.365937745052
1 10 2 0 1 0 -22 30 8 438 0.0604007852264 0.416006974261
1 10 2 0 1 0 -22 90 5 440 0.0436775156508 0.463610362947
1 10 2 0 1 0 -22 90 7 441 0.112485893432 0.447258089285
1 10 2 0 1 0 -22 300 5 444 0.105374705305 0.536708414396
1 30 2 0 -1 0 -22 10 5 448 1.45312088834 0.449287566935
1 30 2 0 -1 0 -22 10 7 449 0.0928491195509 0.375827477148
1 30 2 0 -1 0 -22 10 8 450 0.464678015465 0.423209861586
1 30 2 0 -1 0 -22 10 9 451 0.846225516247 0.466171346459
1 30 2 0 -1 0 -22 30 5 452 1.37737887866 0.52072921494
1 30 2 0 -1 0 -22 30 7 453 0.432354162424 0.394887745052
1 30 2 0 -1 0 -22 30 8 454 0.403841520134 0.428156974261
1 30 2 0 -1 0 -22 90 5 456 0.797481577841 0.492900362947
1 30 2 0 -1 0 -22 90 7 457 0.560784938498 0.454628089285
1 30 2 0 -1 0 -22 300 5 460 1.65229814047 0.572308414396
1 30 2 0 1 0 -22 10 5 464 -0.704506817036 0.333037566935
1 30 2 0 1 0 -22 10 7 465 0.217401628715 0.381237477148
1 30 2 0 1 0 -22 10 8 466 -0.0566442001932 0.403399861586
1 30 2 0 1 0 -22 10 9 467 -0.0181468044114 0.454301346459
1 30 2 0 1 0 -22 30 5 468 -0.570486160113 0.42004921494
1 30 2 0 1 0 -22 30 7 469 -0.0724995848063 0.365937745052
1 30 2 0 1 0 -22 30 8 470 0.0604007852264 0.416006974261
1 30 2 0 1 0 -22 90 5 472 0.0436775156508 0.463610362947
1 30 2 0 1 0 -22 90 7 473 0.112485893432 0.447258089285
1 30 2 0 1 0 -22 300 5 476 0.105374705305 0.536708414396
2 5 2 0 -1 0 -22 10 5 480 1.25515030648 0.479987566935
2 5 2 0 -1 0 -22 10 7 481 0.837625282648 0.419167477148
2 5 2 0 -1 0 -22 10 8 482 0.827110905933 0.419691554567
2 5 2 0 -1 0 -22 10 9 483 0.340536665337 0.424559743248
2 5 2 0 -1 0 -22 30 5 484 1.50320806884 0.54181921494
2 5 2 0 -1 0 -22 30 7 485 0.659728535925 0.403577745052
2 5 2 0 -1 0 -22 30 8 486 0.23636785 0.422186974261
2 5 2 0 -1 0 -22 30 9 487 -0.11376259092 0.156028159917
2 5 2 0 -1 0 -22 90 5 488 0.696905376233 0.491730362947
2 5 2 0 -1 0 -22 90 7 489 0.49884725288 0.469633600264
2 5 2 0 -1 0 -22 90 8 490 1.2377478368 0.561504282207
2 5 2 0 -1 0 -22 300 5 492 1.41108191338 0.569798414396
2 5 2 0 -1 0 -22 300 7 493 1.07536096338 0.582985553385
2 5 2 0 1 0 -22 10 5 496 -0.871643936419 0.294127566935
2 5 2 0 1 0 -22 10 7 497 -0.511101818248 0.337897477148
2 5 2 0 1 0 -22 10 8 498 -0.497734131402 0.320561554567
2 5 2 0 1 0 -22 10 9 499 0.152103242683 0.414789743248
2 5 2 0 1 0 -22 30 5 500 -0.877497179351 0.395698471233
2 5 2 0 1 0 -22 30 7 501 -0.297687616141 0.357247745052
2 5 2 0 1 0 -22 30 8 502 0.230538658675 0.421976974261
2 5 2 0 1 0 -22 30 9 503 1.84888752942 0.158838159917
2 5 2 0 1 0 -22 90 5 504 -0.00117453215323 0.459570362947
2 5 2 0 1 0 -22 90 7 505 0.182501280437 0.460723600264
2 5 2 0 1 0 -22 90 8 506 0.129953796285 0.559974282207
2 5 2 0 1 0 -22 300 5 508 -0.289715270352 0.525098414396
2 5 2 0 1 0 -22 300 7 509 0.431078298885 0.576255553385
2 10 2 0 -1 0 -22 10 5 512 1.25515030648 0.479987566935
2 10 2 0 -1 0 -22 10 7 513 0.837625282648 0.419167477148
2 10 2 0 -1 0 -22 10 8 514 0.827110905933 0.419691554567
2 10 2 0 -1 0 -22 10 9 515 0.340536665337 0.424559743248
2 10 2 0 -1 0 -22 30 5 516 1.50320806884 0.54181921494
2 10 2 0 -1 0 -22 30 7 517 0.659728535925 0.403577745052
2 10 2 0 -1 0 -22 30 8 518 0.23636785 0.422186974261
2 10 2 0 -1 0 -22 30 9 519 -0.11376259092 0.156028159917
2 10 2 0 -1 0 -22 90 5 520 0.696905376233 0.491730362947
2 10 2 0 -1 0 -22 90 7 521 0.49884725288 0.469633600264
2 10 2 0 -1 0 -22 90 8 522 1.2377478368 0.561504282207
2 10 2 0 -1 0 -22 300 5 524 1.41108191338 0.569798414396
2 10 2 0 -1 0 -22 300 7 525 1.07536096338 0.582985553385
2 10 2 0 1 0 -22 10 5 528 -0.871643936419 0.294127566935
2 10 2 0 1 0 -22 10 7 529 -0.511101818248 0.337897477148
2 10 2 0 1 0 -22 10 8 530 -0.497734131402 0.320561554567
2 10 2 0 1 0 -22 10 9 531 0.152103242683 0.414789743248
2 10 2 0 1 0 -22 30 5 532 -0.877497179351 0.395698471233
2 10 2 0 1 0 -22 30 7 533 -0.297687616141 0.357247745052
2 10 2 0 1 0 -22 30 8 534 0.230538658675 0.421976974261
2 10 2 0 1 0 -22 30 9 535 1.84888752942 0.158838159917
2 10 2 0 1 0 -22 90 5 536 -0.00117453215323 0.459570362947
2 10 2 0 1 0 -22 90 7 537 0.182501280437 0.460723600264
2 10 2 0 1 0 -22 90 8 538 0.129953796285 0.559974282207
2 10 2 0 1 0 -22 300 5 540 -0.289715270352 0.525098414396
2 10 2 0 1 0 -22 300 7 541 0.431078298885 0.576255553385
2 30 2 0 -1 0 -22 10 5 544 1.25515030648 0.479987566935
2 30 2 0 -1 0 -22 10 7 545 0.837625282648 0.419167477148
2 30 2 0 -1 0 -22 10 8 546 0.827110905933 0.419691554567
2 30 2 0 -1 0 -22 10 9 547 0.340536665337 0.424559743248
2 30 2 0 -1 0 -22 30 5 548 1.50320806884 0.54181921494
2 30 2 0 -1 0 -22 30 7 549 0.659728535925 0.403577745052
2 30 2 0 -1 0 -22 30 8 550 0.23636785 0.422186974261
2 30 2 0 -1 0 -22 30 9 551 -0.11376259092 0.156028159917
2 30 2 0 -1 0 -22 90 5 552 0.696905376233 0.491730362947
2 30 2 0 -1 0 -22 90 7 553 0.49884725288 0.469633600264
2 30 2 0 -1 0 -22 90 8 554 1.2377478368 0.561504282207
2 30 2 0 -1 0 -22 300 5 556 1.41108191338 0.569798414396
2 30 2 0 -1 0 -22 300 7 557 1.07536096338 0.582985553385
2 30 2 0 1 0 -22 10 5 560 -0.871643936419 0.294127566935
2 30 2 0 1 0 -22 10 7 561 -0.511101818248 0.337897477148
2 30 2 0 1 0 -22 10 8 562 -0.497734131402 0.320561554567
2 30 2 0 1 0 -22 10 9 563 0.152103242683 0.414789743248
2 30 2 0 1 0 -22 30 5 564 -0.877497179351 0.395698471233
2 30 2 0 1 0 -22 30 7 565 -0.297687616141 0.357247745052
2 30 2 0 1 0 -22 30 8 566 0.230538658675 0.421976974261
2 30 2 0 1 0 -22 30 9 567 1.84888752942 0.158838159917
2 30 2 0 1 0 -22 90 5 568 -0.00117453215323 0.459570362947
2 30 2 0 1 0 -22 90 7 569 0.182501280437 0.460723600264
2 30 2 0 1 0 -22 90 8 570 0.129953796285 0.559974282207
2 30 2 0 1 0 -22 300 5 572 -0.289715270352 0.525098414396
2 30 2 0 1 0 -22 300 7 573 0.431078298885 0.576255553385
10 5 2 0 -1 0 -22 10 5 576 0.943792689996 0.452197566935
10 5 2 0 -1 0 -22 10 7 577 0.83923776445 0.435436780938
10 5 2 0 -1 0 -22 10 8 578 0.947817464437 0.440836780938
10 5 2 0 -1 0 -22 10 9 579 1.00779372515 0.425660046935
10 5 2 0 -1 0 -22 30 5 580 1.1605825021 0.532589840147
10 5 2 0 -1 0 -22 30 7 581 1.36383912063 0.52625921494
10 5 2 0 -1 0 -22 30 8 582 0.606828893899 0.48803921494
10 5 2 0 -1 0 -22 30 9 583 0.191718097989 0.467026975036
10 5 2 0 -1 0 -22 90 5 584 0.902864418788 0.499080362947
10 5 2 0 -1 0 -22 90 7 585 0.548206252314 0.483360362947
10 5 2 0 -1 0 -22 90 8 586 0.350158313525 0.476180362947
10 5 2 0 -1 0 -22 90 9 587 0.463507353185 0.478360362947
10 5 2 0 -1 0 -22 300 5 588 1.21712379064 0.568708414396
10 5 2 0 -1 0 -22 300 7 589 0.589273187202 0.550378414396
10 5 2 0 -1 0 -22 300 8 590 0.833477382894 0.554738414396
10 5 2 0 -1 0 -22 300 9 591 0.511644786625 0.550548414396
10 5 2 0 1 0 -22 10 5 592 -0.567284313929 0.316957566935
10 5 2 0 1 0 -22 10 7 593 -0.465014608586 0.339156299533
10 5 2 0 1 0 -22 10 8 594 -0.569792695943 0.333746780938
10 5 2 0 1 0 -22 10 9 595 -0.670685281951 0.327850046935
10 5 2 0 1 0 -22 30 5 596 -0.521407278929 0.40917921494
10 5 2 0 1 0 -22 30 7 597 -0.763239088346 0.41386921494
10 5 2 0 1 0 -22 30 8 598 -0.0384974453509 0.45208921494
10 5 2 0 1 0 -22 30 9 599 0.380847691031 0.474816975036
10 5 2 0 1 0 -22 90 5 600 -0.240736050508 0.449660362947
10 5 2 0 1 0 -22 90 7 601 0.133697002581 0.468370362947
10 5 2 0 1 0 -22 90 8 602 0.328220973913 0.475550362947
10 5 2 0 1 0 -22 90 9 603 0.212591126874 0.473370362947
10 5 2 0 1 0 -22 300 5 604 0.0544083687282 0.532538414396
10 5 2 0 1 0 -22 300 7 605 0.756701890424 0.553948414396
10 5 2 0 1 0 -22 300 8 606 0.509659160247 0.549588414396
10 5 2 0 1 0 -22 300 9 607 0.828029086972 0.553778414396
10 10 2 0 -1 0 -22 10 5 608 0.943792689996 0.452197566935
10 10 2 0 -1 0 -22 10 7 609 0.83923776445 0.435436780938
10 10 2 0 -1 0 -22 10 8 610 0.947817464437 0.440836780938
10 10 2 0 -1 0 -22 10 9 611 1.00779372515 0.425660046935
10 10 2 0 -1 0 -22 30 5 612 1.1605825021 0.532589840147
10 10 2 0 -1 0 -22 30 7 613 1.36383912063 0.52625921494
10 10 2 0 -1 0 -22 30 8 614 0.606828893899 0.48803921494
10 10 2 0 -1 0 -22 30 9 615 0.191718097989 0.467026975036
10 10 2 0 -1 0 -22 90 5 616 0.902864418788 0.499080362947
10 10 2 0 -1 0 -22 90 7 617 0.548206252314 0.483360362947
10 10 2 0 -1 0 -22 90 8 618 0.350158313525 0.476180362947
10 10 2 0 -1 0 -22 90 9 619 0.463507353185 0.478360362947
10 10 2 0 -1 0 -22 300 5 620 1.21712379064 0.568708414396
10 10 2 0 -1 0 -22 300 7 621 0.589273187202 0.550378414396
10 10 2 0 -1 0 -22 300 8 622 0.833477382894 0.554738414396
10 10 2 0 -1 0 -22 300 9 623 0.511644786625 0.550548414396
10 10 2 0 1 0 -22 10 5 624 -0.567284313929 0.316957566935
10 10 2 0 1 0 -22 10 7 625 -0.465014608586 0.339156299533
10 10 2 0 1 0 -22 10 8 626 -0.569792695943 0.333746780938
10 10 2 0 1 0 -22 10 9 627 -0.670685281951 0.327850046935
10 10 2 0 1 0 -22 30 5 628 -0.521407278929 0.40917921494
10 10 2 0 1 0 -22 30 7 629 -0.763239088346 0.41386921494
10 10 2 0 1 0 -22 30 8 630 -0.0384974453509 0.45208921494
10 10 2 0 1 0 -22 30 9 631 0.380847691031 0.474816975036
10 10 2 0 1 0 -22 90 5 632 -0.240736050508 0.449660362947
10 10 2 0 1 0 -22 90 7 633 0.133697002581 0.468370362947
10 10 2 0 1 0 -22 90 8 634 0.328220973913 0.475550362947
10 10 2 0 1 0 -22 90 9 635 0.212591126874 0.473370362947
10 10 2 0 1 0 -22 300 5 636 0.0544083687282 0.532538414396
10 10 2 0 1 0 -22 300 7 637 0.756701890424 0.553948414396
10 10 2 0 1 0 -22 300 8 638 0.509659160247 0.549588414396
10 10 2 0 1 0 -22 300 9 639 0.828029086972 0.553778414396
10 30 2 0 -1 0 -22 10 5 640 0.943792689996 0.452197566935
10 30 2 0 -1 0 -22 10 7 641 0.83923776445 0.435436780938
10 30 2 0 -1 0 -22 10 8 642 0.947817464437 0.440836780938
10 30 2 0 -1 0 -22 10 9 643 1.00779372515 0.425660046935
10 30 2 0 -1 0 -22 30 5 644 1.1605825021 0.532589840147
10 30 2 0 -1 0 -22 30 7 645 1.36383912063 0.52625921494
10 30 2 0 -1 0 -22 30 8 646 0.606828893899 0.48803921494
10 30 2 0 -1 0 -22 30 9 647 0.191718097989 0.467026975036
10 30 2 0 -1 0 -22 90 5 648 0.902864418788 0.499080362947
10 30 2 0 -1 0 -22 90 7 649 0.548206252314 0.483360362947
10 30 2 0 -1 0 -22 90 8 650 0.350158313525 0.476180362947
10 30 2 0 -1 0 -22 90 9 651 0.463507353185 0.478360362947
10 30 2 0 -1 0 -22 300 5 652 1.21712379064 0.568708414396
10 30 2 0 -1 0 -22 300 7 653 0.589273187202 0.550378414396
10 30 2 0 -1 0 -22 300 8 654 0.833477382894 0.554738414396
10 30 2 0 -1 0 -22 300 9 655 0.511644786625 0.550548414396
10 30 2 0 1 0 -22 10 5 656 -0.567284313929 0.316957566935
10 30 2 0 1 0 -22 10 7 657 -0.465014608586 0.339156299533
10 30 2 0 1 0 -22 10 8 658 -0.569792695943 0.333746780938
10 30 2 0 1 0 -22 10 9 659 -0.670685281951 0.327850046935
10 30 2 0 1 0 -22 30 5 660 -0.521407278929 0.40917921494
10 30 2 0 1 0 -22 30 7 661 -0.763239088346 0.41386921494
10 30 2 0 1 0 -22 30 8 662 -0.0384974453509 0.45208921494
10 30 2 0 1 0 -22 30 9 663 0.380847691031 0.474816975036
10 30 2 0 1 0 -22 90 5 664 -0.240736050508 0.449660362947
10 30 2 0 1 0 -22 90 7 665 0.133697002581 0.468370362947
10 30 2 0 1 0 -22 90 8 666 0.328220973913 0.475550362947
10 30 2 0 1 0 -22 90 9 667 0.212591126874 0.473370362947
10 30 2 0 1 0 -22 300 5 668 0.0544083687282 0.532538414396
10 30 2 0 1 0 -22 300 7 669 0.756701890424 0.553948414396
10 30 2 0 1 0 -22 300 8 670 0.509659160247 0.549588414396
10 30 2 0 1 0 -22 300 9 671 0.828029086972 0.553778414396
30 5 2 0 -1 0 -22 10 5 672 1.04277587364 0.456907566935
30 5 2 0 -1 0 -22 10 7 673 0.911511483471 0.431477566935
30 5 2 0 -1 0 -22 10 8 674 1.02087204007 0.435977566935
30 5 2 0 -1 0 -22 10 9 675 0.519192975253 0.394685448026
30 5 2 0 -1 0 -22 30 5 676 0.960598267674 0.513669650945
30 5 2 0 -1 0 -22 30 7 677 1.31377479955 0.52635921494
30 5 2 0 -1 0 -22 30 8 678 1.30652483235 0.51032921494
30 5 2 0 -1 0 -22 30 9 679 0.0421779683854 0.459786975036
30 5 2 0 -1 0 -22 90 5 680 0.923816193104 0.508620362947
30 5 2 0 -1 0 -22 90 7 681 0.214254363907 0.470410362947
30 5 2 0 -1 0 -22 90 8 682 0.244160794741 0.471330362947
30 5 2 0 -1 0 -22 90 9 683 0.459984259684 0.479550362947
30 5 2 0 -1 0 -22 300 5 684 0.975310178313 0.561748414396
30 5 2 0 -1 0 -22 300 7 685 -0.0195599147695 0.537958414396
30 5 2 0 -1 0 -22 300 8 686 0.455804479641 0.549468414396
30 5 2 0 -1 0 -22 300 9 687 0.335028309192 0.548518414396
30 5 2 0 1 0 -22 10 5 688 -0.62811802433 0.323217566935
30 5 2 0 1 0 -22 10 7 689 -0.561220328341 0.343547566935
30 5 2 0 1 0 -22 10 8 690 -0.682011326364 0.339047566935
30 5 2 0 1 0 -22 10 9 691 -0.210287808459 0.361515448026
30 5 2 0 1 0 -22 30 5 692 -0.377752879586 0.42132921494
30 5 2 0 1 0 -22 30 7 693 -0.713560855681 0.41376921494
30 5 2 0 1 0 -22 30 8 694 -0.73942758174 0.42979921494
30 5 2 0 1 0 -22 30 9 695 0.533053006175 0.482056975036
30 5 2 0 1 0 -22 90 5 696 -0.230002834688 0.439750362947
30 5 2 0 1 0 -22 90 7 697 0.468571854182 0.481320362947
30 5 2 0 1 0 -22 90 8 698 0.439726080163 0.480400362947
30 5 2 0 1 0 -22 90 9 699 0.22106626783 0.472180362947
30 5 2 0 1 0 -22 300 5 700 0.219319550952 0.536838414396
30 5 2 0 1 0 -22 300 7 701 1.36250434915 0.566368414396
30 5 2 0 1 0 -22 300 8 702 0.884684862337 0.554858414396
30 5 2 0 1 0 -22 300 9 703 1.00399146079 0.555808414396
30 10 2 0 -1 0 -22 10 5 704 1.04277587364 0.456907566935
30 10 2 0 -1 0 -22 10 7 705 0.911511483471 0.431477566935
30 10 2 0 -1 0 -22 10 8 706 1.02087204007 0.435977566935
30 10 2 0 -1 0 -22 10 9 707 0.519192975253 0.394685448026
30 10 2 0 -1 0 -22 30 5 708 0.960598267674 0.513669650945
30 10 2 0 -1 0 -22 30 7 709 1.31377479955 0.52635921494
30 10 2 0 -1 0 -22 30 8 710 1.30652483235 0.51032921494
30 10 2 0 -1 0 -22 30 9 711 0.0421779683854 0.459786975036
30 10 2 0 -1 0 -22 90 5 712 0.923816193104 0.508620362947
30 10 2 0 -1 0 -22 90 7 713 0.214254363907 0.470410362947
30 10 2 0 -1 0 -22 90 8 714 0.244160794741 0.471330362947
30 10 2 0 -1 0 -22 90 9 715 0.459984259684 0.479550362947
30 10 2 0 -1 0 -22 300 5 716 0.975310178313 0.561748414396
30 10 2 0 -1 0 -22 300 7 717 -0.0195599147695 0.537958414396
30 10 2 0 -1 0 -22 300 8 718 0.455804479641 0.549468414396
30 10 2 0 -1 0 -22 300 9 719 0.335028309192 0.548518414396
30 10 2 0 1 0 -22 10 5 720 -0.62811802433 0.323217566935
30 10 2 0 1 0 -22 10 7 721 -0.561220328341 0.343547566935
30 10 2 0 1 0 -22 10 8 722 -0.682011326364 0.339047566935
30 10 2 0 1 0 -22 10 9 723 -0.210287808459 0.361515448026
30 10 2 0 1 0 -22 30 5 724 -0.377752879586 0.42132921494
30 10 2 0 1 0 -22 30 7 725 -0.713560855681 0.41376921494
30 10 2 0 1 0 -22 30 8 726 -0.73942758174 0.42979921494
30 10 2 0 1 0 -22 30 9 727 0.533053006175 0.482056975036
30 10 2 0 1 0 -22 90 5 728 -0.230002834688 0.439750362947
30 10 2 0 1 0 -22 90 7 729 0.468571854182 0.481320362947
30 10 2 0 1 0 -22 90 8 730 0.439726080163 0.480400362947
30 10 2 0 1 0 -22 90 9 731 0.22106626783 0.472180362947
30 10 2 0 1 0 -22 300 5 732 0.219319550952 0.536838414396
30 10 2 0 1 0 -22 300 7 733 1.36250434915 0.566368414396
30 10 2 0 1 0 -22 300 8 734 0.884684862337 0.554858414396
30 10 2 0 1 0 -22 300 9 735 1.00399146079 0.555808414396
30 30 2 0 -1 0 -22 10 5 736 1.04277587364 0.456907566935
30 30 2 0 -1 0 -22 10 7 737 0.911511483471 0.431477566935
30 30 2 0 -1 0 -22 10 8 738 1.02087204007 0.435977566935
30 30 2 0 -1 0 -22 10 9 739 0.519192975253 0.394685448026
30 30 2 0 -1 0 -22 30 5 740 0.960598267674 0.513669650945
30 30 2 0 -1 0 -22 30 7 741 1.31377479955 0.52635921494
30 30 2 0 -1 0 -22 30 8 742 1.30652483235 0.51032921494
30 30 2 0 -1 0 -22 30 9 743 0.0421779683854 0.459786975036
30 30 2 0 -1 0 -22 90 5 744 0.923816193104 0.508620362947
30 30 2 0 -1 0 -22 90 7 745 0.214254363907 0.470410362947
30 30 2 0 -1 0 -22 90 8 746 0.244160794741 0.471330362947
30 30 2 0 -1 0 -22 90 9 747 0.459984259684 0.479550362947
30 30 2 0 -1 0 -22 300 5 748 0.975310178313 0.561748414396
30 30 2 0 -1 0 -22 300 7 749 -0.0195599147695 0.537958414396
30 30 2 0 -1 0 -22 300 8 750 0.455804479641 0.549468414396
30 30 2 0 -1 0 -22 300 9 751 0.335028309192 0.548518414396
30 30 2 0 1 0 -22 10 5 752 -0.62811802433 0.323217566935
30 30 2 0 1 0 -22 10 7 753 -0.561220328341 0.343547566935
30 30 2 0 1 0 -22 10 8 754 -0.682011326364 0.339047566935
30 30 2 0 1 0 -22 10 9 755 -0.210287808459 0.361515448026
30 30 2 0 1 0 -22 30 5 756 -0.377752879586 0.42132921494
30 30 2 0 1 0 -22 30 7 757 -0.713560855681 0.41376921494
30 30 2 0 1 0 -22 30 8 758 -0.73942758174 0.42979921494
30 30 2 0 1 0 -22 30 9 759 0.533053006175 0.482056975036
30 30 2 0 1 0 -22 90 5 760 -0.230002834688 0.439750362947
30 30 2 0 1 0 -22 90 7 761 0.468571854182 0.481320362947
30 30 2 0 1 0 -22 90 8 762 0.439726080163 0.480400362947
30 30 2 0 1 0 -22 90 9 763 0.22106626783 0.472180362947
30 30 2 0 1 0 -22 300 5 764 0.219319550952 0.536838414396
30 30 2 0 1 0 -22 300 7 765 1.36250434915 0.566368414396
30 30 2 0 1 0 -22 300 8 766 0.884684862337 0.554858414396
30 30 2 0 1 0 -22 300 9 767 1.00399146079 0.555808414396
1 5 2 0 -1 0 -12 10 5 768 0.440656501567 0.458957566935
1 5 2 0 -1 0 -12 10 7 769 0.0697015799327 0.366197477148
1 5 2 0 -1 0 -12 10 8 770 0.518962819698 0.428699861586
1 5 2 0 -1 0 -12 10 9 771 0.846225516247 0.466171346459
1 5 2 0 -1 0 -12 30 5 772 1.35763453105 0.58066921494
1 5 2 0 -1 0 -12 30 7 773 0.424970600804 0.402297745052
1 5 2 0 -1 0 -12 30 8 774 0.464240005211 0.432266974261
1 5 2 0 -1 0 -12 90 5 776 0.691489135919 0.511900362947
1 5 2 0 -1 0 -12 90 7 777 0.640851774949 0.456978089285
1 5 2 0 -1 0 -12 300 5 780 0.632201797291 0.549688414396
1 5 2 0 1 0 -12 10 5 784 0.00891307343637 0.316067566935
1 5 2 0 1 0 -12 10 7 785 0.26648351106 0.390867477148
1 5 2 0 1 0 -12 10 8 786 -0.103418707282 0.397909861586
1 5 2 0 1 0 -12 10 9 787 -0.0181468044114 0.454301346459
1 5 2 0 1 0 -12 30 5 788 -0.715157870718 0.35945921494
1 5 2 0 1 0 -12 30 7 789 -0.0531669555526 0.358527745052
1 5 2 0 1 0 -12 30 8 790 0.00252740618058 0.411896974261
1 5 2 0 1 0 -12 90 5 792 0.0307026274848 0.439830362947
1 5 2 0 1 0 -12 90 7 793 0.0332905920734 0.444908089285
1 5 2 0 1 0 -12 300 5 796 0.727832799511 0.554638414396
1 10 2 0 -1 0 -12 10 5 800 0.440656501567 0.458957566935
1 10 2 0 -1 0 -12 10 7 801 0.0697015799327 0.366197477148
1 10 2 0 -1 0 -12 10 8 802 0.518962819698 0.428699861586
1 10 2 0 -1 0 -12 10 9 803 0.846225516247 0.466171346459
1 10 2 0 -1 0 -12 30 5 804 1.35763453105 0.58066921494
1 10 2 0 -1 0 -12 30 7 805 0.424970600804 0.402297745052
1 10 2 0 -1 0 -12 30 8 806 0.464240005211 0.432266974261
1 10 2 0 -1 0 -12 90 5 808 0.691489135919 0.511900362947
1 10 2 0 -1 0 -12 90 7 809 0.640851774949 0.456978089285
1 10 2 0 -1 0 -12 300 5 812 0.632201797291 0.549688414396
1 10 2 0 1 0 -12 10 5 816 0.00891307343637 0.316067566935
1 10 2 0 1 0 -12 10 7 817 0.26648351106 0.390867477148
1 10 2 0 1 0 -12 10 8 818 -0.103418707282 0.397909861586
1 10 2 0 1 0 -12 10 9 819 -0.0181468044114 0.454301346459
1 10 2 0 1 0 -12 30 5 820 -0.715157870718 0.35945921494
1 10 2 0 1 0 -12 30 7 821 -0.0531669555526 0.358527745052
1 10 2 0 1 0 -12 30 8 822 0.00252740618058 0.411896974261
1 10 2 0 1 0 -12 90 5 824 0.0307026274848 0.439830362947
1 10 2 0 1 0 -12 90 7 825 0.0332905920734 0.444908089285
1 10 2 0 1 0 -12 300 5 828 0.727832799511 0.554638414396
1 30 2 0 -1 0 -12 10 5 832 0.440656501567 0.458957566935
1 30 2 0 -1 0 -12 10 7 833 0.0697015799327 0.366197477148
1 30 2 0 -1 0 -12 10 8 834 0.518962819698 0.428699861586
1 30 2 0 -1 0 -12 10 9 835 0.846225516247 0.466171346459
1 30 2 0 -1 0 -12 30 5 836 1.35763453105 0.58066921494
1 30 2 0 -1 0 -12 30 7 837 0.424970600804 0.402297745052
1 30 2 0 -1 0 -12 30 8 838 0.464240005211 0.432266974261
1 30 2 0 -1 0 -12 90 5 840 0.691489135919 0.511900362947
1 30 2 0 -1 0 -12 90 7 841 0.640851774949 0.456978089285
1 30 2 0 -1 0 -12 300 5 844 0.632201797291 0.549688414396
1 30 2 0 1 0 -12 10 5 848 0.00891307343637 0.316067566935
1 30 2 0 1 0 -12 10 7 849 0.26648351106 0.390867477148
1 30 2 0 1 0 -12 10 8 850 -0.103418707282 0.397909861586
1 30 2 0 1 0 -12 10 9 851 -0.0181468044114 0.454301346459
1 30 2 0 1 0 -12 30 5 852 -0.715157870718 0.35945921494
1 30 2 0 1 0 -12 30 7 853 -0.0531669555526 0.358527745052
1 30 2 0 1 0 -12 30 8 854 0.00252740618058 0.411896974261
1 30 2 0 1 0 -12 90 5 856 0.0307026274848 0.439830362947
1 30 2 0 1 0 -12 90 7 857 0.0332905920734 0.444908089285
1 30 2 0 1 0 -12 300 5 860 0.727832799511 0.554638414396
2 5 2 0 -1 0 -12 10 5 864 0.891921120523 0.557947566935
2 5 2 0 -1 0 -12 10 7 865 0.638738732684 0.471687477148
2 5 2 0 -1 0 -12 10 8 866 0.461272659543 0.435561554567
2 5 2 0 -1 0 -12 10 9 867 0.474265062573 0.431559743248
2 5 2 0 -1 0 -12 30 5 868 0.809765889176 0.57837921494
2 5 2 0 -1 0 -12 30 7 869 0.604285602617 0.433287745052
2 5 2 0 -1 0 -12 30 8 870 0.294064945516 0.425696974261
2 5 2 0 -1 0 -12 30 9 871 -0.11376259092 0.156028159917
2 5 2 0 -1 0 -12 90 5 872 0.816108767802 0.541210362947
2 5 2 0 -1 0 -12 90 7 873 0.566517928674 0.473703600264
2 5 2 0 -1 0 -12 90 8 874 1.2377478368 0.561504282207
2 5 2 0 -1 0 -12 300 5 876 0.86839732579 0.565378414396
2 5 2 0 -1 0 -12 300 7 877 1.07536096338 0.582985553385
2 5 2 0 1 0 -12 10 5 880 -0.390756396407 0.217077566935
2 5 2 0 1 0 -12 10 7 881 -0.222801152505 0.285377477148
2 5 2 0 1 0 -12 10 8 882 -0.078324061345 0.304691554567
2 5 2 0 1 0 -12 10 9 883 0.0163452934982 0.407789743248
2 5 2 0 1 0 -12 30 5 884 -0.14536766215 0.36175813183
2 5 2 0 1 0 -12 30 7 885 -0.238103319309 0.327537745052
2 5 2 0 1 0 -12 30 8 886 0.180011350022 0.418466974261
2 5 2 0 1 0 -12 30 9 887 1.84888752942 0.158838159917
2 5 2 0 1 0 -12 90 5 888 -0.077658598852 0.410520362947
2 5 2 0 1 0 -12 90 7 889 0.117779778957 0.456653600264
2 5 2 0 1 0 -12 90 8 890 0.129953796285 0.559974282207
2 5 2 0 1 0 -12 300 5 892 0.500641807021 0.538948414396
2 5 2 0 1 0 -12 300 7 893 0.431078298885 0.576255553385
2 10 2 0 -1 0 -12 10 5 896 0.891921120523 0.557947566935
2 10 2 0 -1 0 -12 10 7 897 0.638738732684 0.471687477148
2 10 2 0 -1 0 -12 10 8 898 0.461272659543 0.435561554567
2 10 2 0 -1 0 -12 10 9 899 0.474265062573 0.431559743248
2 10 2 0 -1 0 -12 30 5 900 0.809765889176 0.57837921494
2 10 2 0 -1 0 -12 30 7 901 0.604285602617 0.433287745052
2 10 2 0 -1 0 -12 30 8 902 0.294064945516 0.425696974261
2 10 2 0 -1 0 -12 30 9 903 -0.11376259092 0.156028159917
2 10 2 0 -1 0 -12 90 5 904 0.816108767802 0.541210362947
2 10 2 0 -1 0 -12 90 7 905 0.566517928674 0.473703600264
2 10 2 0 -1 0 -12 90 8 906 1.2377478368 0.561504282207
2 10 2 0 -1 0 -12 300 5 908 0.86839732579 0.565378414396
2 10 2 0 -1 0 -12 300 7 909 1.07536096338 0.582985553385
2 10 2 0 1 0 -12 10 5 912 -0.390756396407 0.217077566935
2 10 2 0 1 0 -12 10 7 913 -0.222801152505 0.285377477148
2 10 2 0 1 0 -12 10 8 914 -0.078324061345 0.304691554567
2 10 2 0 1 0 -12 10 9 915 0.0163452934982 0.407789743248
2 10 2 0 1 0 -12 30 5 916 -0.14536766215 0.36175813183
2 10 2 0 1 0 -12 30 7 917 -0.238103319309 0.327537745052
2 10 2 0 1 0 -12 30 8 918 0.180011350022 0.418466974261
2 10 2 0 1 0 -12 30 9 919 1.84888752942 0.158838159917
2 10 2 0 1 0 -12 90 5 920 -0.077658598852 0.410520362947
2 10 2 0 1 0 -12 90 7 921 0.117779778957 0.456653600264
2 10 2 0 1 0 -12 90 8 922 0.129953796285 0.559974282207
2 10 2 0 1 0 -12 300 5 924 0.500641807021 0.538948414396
2 10 2 0 1 0 -12 300 7 925 0.431078298885 0.576255553385
2 30 2 0 -1 0 -12 10 5 928 0.891921120523 0.557947566935
2 30 2 0 -1 0 -12 10 7 929 0.638738732684 0.471687477148
2 30 2 0 -1 0 -12 10 8 930 0.461272659543 0.435561554567
2 30 2 0 -1 0 -12 10 9 931 0.474265062573 0.431559743248
2 30 2 0 -1 0 -12 30 5 932 0.809765889176 0.57837921494
2 30 2 0 -1 0 -12 30 7 933 0.604285602617 0.433287745052
2 30 2 0 -1 0 -12 30 8 934 0.294064945516 0.425696974261
2 30 2 0 -1 0 -12 30 9 935 -0.11376259092 0.156028159917
2 30 2 0 -1 0 -12 90 5 936 0.816108767802 0.541210362947
2 30 2 0 -1 0 -12 90 7 937 0.566517928674 0.473703600264
2 30 2 0 -1 0 -12 90 8 938 1.2377478368 0.561504282207
2 30 2 0 -1 0 -12 300 5 940 0.86839732579 0.565378414396
2 30 2 0 -1 0 -12 300 7 941 1.07536096338 0.582985553385
2 30 2 0 1 0 -12 10 5 944 -0.390756396407 0.217077566935
2 30 2 0 1 0 -12 10 7 945 -0.222801152505 0.285377477148
2 30 2 0 1 0 -12 10 8 946 -0.078324061345 0.304691554567
2 30 2 0 1 0 -12 10 9 947 0.0163452934982 0.407789743248
2 30 2 0 1 0 -12 30 5 948 -0.14536766215 0.36175813183
2 30 2 0 1 0 -12 30 7 949 -0.238103319309 0.327537745052
2 30 2 0 1 0 -12 30 8 950 0.180011350022 0.418466974261
2 30 2 0 1 0 -12 30 9 951 1.84888752942 0.158838159917
2 30 2 0 1 0 -12 90 5 952 -0.077658598852 0.410520362947
2 30 2 0 1 0 -12 90 7 953 0.117779778957 0.456653600264
2 30 2 0 1 0 -12 90 8 954 0.129953796285 0.559974282207
2 30 2 0 1 0 -12 300 5 956 0.500641807021 0.538948414396
2 30 2 0 1 0 -12 300 7 957 0.431078298885 0.576255553385
10 5 2 0 -1 0 -12 10 5 960 0.594368631151 0.570937566935
10 5 2 0 -1 0 -12 10 7 961 0.663893468365 0.593436780938
10 5 2 0 -1 0 -12 10 8 962 0.436906776499 0.478766780938
10 5 2 0 -1 0 -12 10 9 963 0.498771387816 0.511170046935
10 5 2 0 -1 0 -12 30 5 964 0.532175457164 0.56190013325
10 5 2 0 -1 0 -12 30 7 965 0.42100297029 0.49679921494
10 5 2 0 -1 0 -12 30 8 966 0.386091698001 0.47925921494
10 5 2 0 -1 0 -12 30 9 967 0.141739714045 0.440716975036
10 5 2 0 -1 0 -12 90 5 968 0.351387350509 0.458880362947
10 5 2 0 -1 0 -12 90 7 969 0.386390121481 0.478680362947
10 5 2 0 -1 0 -12 90 8 970 0.38440509767 0.479500362947
10 5 2 0 -1 0 -12 90 9 971 0.604960242798 0.501500362947
10 5 2 0 -1 0 -12 300 5 972 0.327784226052 0.461198414396
10 5 2 0 -1 0 -12 300 7 973 0.713547539483 0.554298414396
10 5 2 0 -1 0 -12 300 8 974 0.742869517336 0.555338414396
10 5 2 0 -1 0 -12 300 9 975 0.511644786625 0.550548414396
10 5 2 0 1 0 -12 10 5 976 0.0580833765288 0.204087566935
10 5 2 0 1 0 -12 10 7 977 -0.15612841748 0.181154719517
10 5 2 0 1 0 -12 10 8 978 0.0576447677935 0.295816780938
10 5 2 0 1 0 -12 10 9 979 0.0148202498277 0.242340046935
10 5 2 0 1 0 -12 30 5 980 0.259418597082 0.37823921494
10 5 2 0 1 0 -12 30 7 981 0.314976803274 0.44332921494
10 5 2 0 1 0 -12 30 8 982 0.332136198962 0.46086921494
10 5 2 0 1 0 -12 30 9 983 0.486699352327 0.501126975036
10 5 2 0 1 0 -12 90 5 984 0.449007615288 0.492850362947
10 5 2 0 1 0 -12 90 7 985 0.363199077899 0.473050362947
10 5 2 0 1 0 -12 90 8 986 0.341271934061 0.472230362947
10 5 2 0 1 0 -12 90 9 987 0.110588894274 0.450230362947
10 5 2 0 1 0 -12 300 5 988 1.09776500863 0.643128414396
10 5 2 0 1 0 -12 300 7 989 0.673557720966 0.550028414396
10 5 2 0 1 0 -12 300 8 990 0.617596965661 0.548988414396
10 5 2 0 1 0 -12 300 9 991 0.828029086972 0.553778414396
10 10 2 0 -1 0 -12 10 5 992 0.594368631151 0.570937566935
10 10 2 0 -1 0 -12 10 7 993 0.663893468365 0.593436780938
10 10 2 0 -1 0 -12 10 8 994 0.436906776499 0.478766780938
10 10 2 0 -1 0 -12 10 9 995 0.498771387816 0.511170046935
10 10 2 0 -1 0 -12 30 5 996 0.532175457164 0.56190013325
10 10 2 0 -1 0 -12 30 7 997 0.42100297029 0.49679921494
10 10 2 0 -1 0 -12 30 8 998 0.386091698001 0.47925921494
10 10 2 0 -1 0 -12 30 9 999 0.141739714045 0.440716975036
10 10 2 0 -1 0 -12 90 5 1000 0.351387350509 0.458880362947
10 10 2 0 -1 0 -12 90 7 1001 0.386390121481 0.478680362947
10 10 2 0 -1 0 -12 90 8 1002 0.38440509767 0.479500362947
10 10 2 0 -1 0 -12 90 9 1003 0.604960242798 0.501500362947
10 10 2 0 -1 0 -12 300 5 1004 0.327784226052 0.461198414396
10 10 2 0 -1 0 -12 300 7 1005 0.713547539483 0.554298414396
10 10 2 0 -1 0 -12 300 8 1006 0.742869517336 0.555338414396
10 10 2 0 -1 0 -12 300 9 1007 0.511644786625 0.550548414396
10 10 2 0 1 0 -12 10 5 1008 0.0580833765288 0.204087566935
10 10 2 0 1 0 -12 10 7 1009 -0.15612841748 0.181154719517
10 10 2 0 1 0 -12 10 8 1010 0.0576447677935 0.295816780938
10 10 2 0 1 0 -12 10 9 1011 0.0148202498277 0.242340046935
10 10 2 0 1 0 -12 30 5 1012 0.259418597082 0.37823921494
10 10 2 0 1 0 -12 30 7 1013 0.314976803274 0.44332921494
10 10 2 0 1 0 -12 30 8 1014 0.332136198962 0.46086921494
10 10 2 0 1 0 -12 30 9 1015 0.486699352327 0.501126975036
10 10 2 0 1 0 -12 90 5 1016 0.449007615288 0.492850362947
10 10 2 0 1 0 -12 90 7 1017 0.363199077899 0.473050362947
10 10 2 0 1 0 -12 90 8 1018 0.341271934061 0.472230362947
10 10 2 0 1 0 -12 90 9 1019 0.110588894274 0.450230362947
10 10 2 0 1 0 -12 300 5 1020 1.09776500863 0.643128414396
10 10 2 0 1 0 -12 300 7 1021 0.673557720966 0.550028414396
10 10 2 0 1 0 -12 300 8 1022 0.617596965661 0.548988414396
10 10 2 0 1 0 -12 300 9 1023 0.828029086972 0.553778414396
10 30 2 0 -1 0 -12 10 5 1024 0.594368631151 0.570937566935
10 30 2 0 -1 0 -12 10 7 1025 0.663893468365 0.593436780938
10 30 2 0 -1 0 -12 10 8 1026 0.436906776499 0.478766780938
10 30 2 0 -1 0 -12 10 9 1027 0.498771387816 0.511170046935
10 30 2 0 -1 0 -12 30 5 1028 0.532175457164 0.56190013325
10 30 2 0 -1 0 -12 30 7 1029 0.42100297029 0.49679921494
10 30 2 0 -1 0 -12 30 8 1030 0.386091698001 0.47925921494
10 30 2 0 -1 0 -12 30 9 1031 0.141739714045 0.440716975036
10 30 2 0 -1 0 -12 90 5 1032 0.351387350509 0.458880362947
10 30 2 0 -1 0 -12 90 7 1033 0.386390121481 0.478680362947
10 30 2 0 -1 0 -12 90 8 1034 0.38440509767 0.479500362947
10 30 2 0 -1 0 -12 90 9 1035 0.604960242798 0.501500362947
10 30 2 0 -1 0 -12 300 5 1036 0.327784226052 0.461198414396
10 30 2 0 -1 0 -12 300 7 1037 0.713547539483 0.554298414396
10 30 2 0 -1 0 -12 300 8 1038 0.742869517336 0.555338414396
10 30 2 0 -1 0 -12 300 9 1039 0.511644786625 0.550548414396
10 30 2 0 1 0 -12 10 5 1040 0.0580833765288 0.204087566935
10 30 2 0 1 0 -12 10 7 1041 -0.15612841748 0.181154719517
10 30 2 0 1 0 -12 10 8 1042 0.0576447677935 0.295816780938
10 30 2 0 1 0 -12 10 9 1043 0.0148202498277 0.242340046935
10 30 2 0 1 0 -12 30 5 1044 0.259418597082 0.37823921494
10 30 2 0 1 0 -12 30 7 1045 0.314976803274 0.44332921494
10 30 2 0 1 0 -12 30 8 1046 0.332136198962 0.46086921494
10 30 2 0 1 0 -12 30 9 1047 0.486699352327 0.501126975036
10 30 2 0 1 0 -12 90 5 1048 0.449007615288 0.492850362947
10 30 2 0 1 0 -12 90 7 1049 0.363199077899 0.473050362947
10 30 2 0 1 0 -12 90 8 1050 0.341271934061 0.472230362947
10 30 2 0 1 0 -12 90 9 1051 0.110588894274 0.450230362947
10 30 2 0 1 0 -12 300 5 1052 1.09776500863 0.643128414396
10 30 2 0 1 0 -12 300 7 1053 0.673557720966 0.550028414396
10 30 2 0 1 0 -12 300 8 1054 0.617596965661 0.548988414396
10 30 2 0 1 0 -12 300 9 1055 0.828029086972 0.553778414396
30 5 2 0 -1 0 -12 10 5 1056 0.947150661772 0.800017566935
30 5 2 0 -1 0 -12 10 7 1057 0.125904967457 0.336667566935
30 5 2 0 -1 0 -12 10 8 1058 -0.121027749129 0.201817566935
30 5 2 0 -1 0 -12 10 9 1059 -0.211239201654 0.286925448026
30 5 2 0 -1 0 -12 30 5 1060 0.382828128184 0.441188926138
30 5 2 0 -1 0 -12 30 7 1061 0.375600251449 0.43165921494
30 5 2 0 -1 0 -12 30 8 1062 0.305046322829 0.27619921494
30 5 2 0 -1 0 -12 30 9 1063 -0.0194494321465 0.345756975036
30 5 2 0 -1 0 -12 90 5 1064 0.506472905299 0.512640362947
30 5 2 0 -1 0 -12 90 7 1065 0.184215328658 0.295140362947
30 5 2 0 -1 0 -12 90 8 1066 0.185619507136 0.356760362947
30 5 2 0 -1 0 -12 90 9 1067 0.543269091334 0.534670362947
30 5 2 0 -1 0 -12 300 5 1068 0.433365434868 0.326848414396
30 5 2 0 -1 0 -12 300 7 1069 0.387317892982 0.438908414396
30 5 2 0 -1 0 -12 300 8 1070 0.632929519339 0.530668414396
30 5 2 0 -1 0 -12 300 9 1071 0.0365178019264 0.542278414396
30 5 2 0 1 0 -12 10 5 1072 -0.171498140428 -0.0249924330655
30 5 2 0 1 0 -12 10 7 1073 0.344800127482 0.438357566935
30 5 2 0 1 0 -12 10 8 1074 0.671449222919 0.573207566935
30 5 2 0 1 0 -12 10 9 1075 0.603302065309 0.469275448026
30 5 2 0 1 0 -12 30 5 1076 0.469351269307 0.49894921494
30 5 2 0 1 0 -12 30 7 1077 0.438269913434 0.50846921494
30 5 2 0 1 0 -12 30 8 1078 0.65216651452 0.66392921494
30 5 2 0 1 0 -12 30 9 1079 0.751007707946 0.596086975036
30 5 2 0 1 0 -12 90 5 1080 0.480327040742 0.439090362947
30 5 2 0 1 0 -12 90 7 1081 0.703664787834 0.656590362947
30 5 2 0 1 0 -12 90 8 1082 0.636474062039 0.594970362947
30 5 2 0 1 0 -12 90 9 1083 0.315552453389 0.417060362947
30 5 2 0 1 0 -12 300 5 1084 1.13062241264 0.777478414396
30 5 2 0 1 0 -12 300 7 1085 1.07584032062 0.665418414396
30 5 2 0 1 0 -12 300 8 1086 0.812781524498 0.573658414396
30 5 2 0 1 0 -12 300 9 1087 1.30205912877 0.562048414396
30 10 2 0 -1 0 -12 10 5 1088 0.947150661772 0.800017566935
30 10 2 0 -1 0 -12 10 7 1089 0.125904967457 0.336667566935
30 10 2 0 -1 0 -12 10 8 1090 -0.121027749129 0.201817566935
30 10 2 0 -1 0 -12 10 9 1091 -0.211239201654 0.286925448026
30 10 2 0 -1 0 -12 30 5 1092 0.382828128184 0.441188926138
30 10 2 0 -1 0 -12 30 7 1093 0.375600251449 0.43165921494
30 10 2 0 -1 0 -12 30 8 1094 0.305046322829 0.27619921494
30 10 2 0 -1 0 -12 30 9 1095 -0.0194494321465 0.345756975036
30 10 2 0 -1 0 -12 90 5 1096 0.506472905299 0.512640362947
30 10 2 0 -1 0 -12 90 7 1097 0.184215328658 0.295140362947
30 10 2 0 -1 0 -12 90 8 1098 0.185619507136 0.356760362947
30 10 2 0 -1 0 -12 90 9 1099 0.543269091334 0.534670362947
30 10 2 0 -1 0 -12 300 5 1100 0.433365434868 0.326848414396
30 10 2 0 -1 0 -12 300 7 1101 0.387317892982 0.438908414396
30 10 2 0 -1 0 -12 300 8 1102 0.632929519339 0.530668414396
30 10 2 0 -1 0 -12 300 9 1103 0.0365178019264 0.542278414396
30 10 2 0 1 0 -12 10 5 1104 -0.171498140428 -0.0249924330655
30 10 2 0 1 0 -12 10 7 1105 0.344800127482 0.438357566935
30 10 2 0 1 0 -12 10 8 1106 0.671449222919 0.573207566935
30 10 2 0 1 0 -12 10 9 1107 0.603302065309 0.469275448026
30 10 2 0 1 0 -12 30 5 1108 0.469351269307 0.49894921494
30 10 2 0 1 0 -12 30 7 1109 0.438269913434 0.50846921494
30 10 2 0 1 0 -12 30 8 1110 0.65216651452 0.66392921494
30 10 2 0 1 0 -12 30 9 1111 0.751007707946 0.596086975036
30 10 2 0 1 0 -12 90 5 1112 0.480327040742 0.439090362947
30 10 2 0 1 0 -12 90 7 1113 0.703664787834 0.656590362947
30 10 2 0 1 0 -12 90 8 1114 0.636474062039 0.594970362947
30 10 2 0 1 0 -12 90 9 1115 0.315552453389 0.417060362947
30 10 2 0 1 0 -12 300 5 1116 1.13062241264 0.777478414396
30 10 2 0 1 0 -12 300 7 1117 1.07584032062 0.665418414396
30 10 2 0 1 0 -12 300 8 1118 0.812781524498 0.573658414396
30 10 2 0 1 0 -12 300 9 1119 1.30205912877 0.562048414396
30 30 2 0 -1 0 -12 10 5 1120 0.947150661772 0.800017566935
30 30 2 0 -1 0 -12 10 7 1121 0.125904967457 0.336667566935
30 30 2 0 -1 0 -12 10 8 1122 -0.121027749129 0.201817566935
30 30 2 0 -1 0 -12 10 9 1123 -0.211239201654 0.286925448026
30 30 2 0 -1 0 -12 30 5 1124 0.382828128184 0.441188926138
30 30 2 0 -1 0 -12 30 7 1125 0.375600251449 0.43165921494
30 30 2 0 -1 0 -12 30 8 1126 0.305046322829 0.27619921494
30 30 2 0 -1 0 -12 30 9 1127 -0.0194494321465 0.345756975036
30 30 2 0 -1 0 -12 90 5 1128 0.506472905299 0.512640362947
30 30 2 0 -1 0 -12 90 7 1129 0.184215328658 0.295140362947
30 30 2 0 -1 0 -12 90 8 1130 0.185619507136 0.356760362947
30 30 2 0 -1 0 -12 90 9 1131 0.543269091334 0.534670362947
30 30 2 0 -1 0 -12 300 5 1132 0.433365434868 0.326848414396
30 30 2 0 -1 0 -12 300 7 1133 0.387317892982 0.438908414396
30 30 2 0 -1 0 -12 300 8 1134 0.632929519339 0.530668414396
30 30 2 0 -1 0 -12 300 9 1135 0.0365178019264 0.542278414396
30 30 2 0 1 0 -12 10 5 1136 -0.171498140428 -0.0249924330655
30 30 2 0 1 0 -12 10 7 1137 0.344800127482 0.438357566935
30 30 2 0 1 0 -12 10 8 1138 0.671449222919 0.573207566935
30 30 2 0 1 0 -12 10 9 1139 0.603302065309 0.469275448026
30 30 2 0 1 0 -12 30 5 1140 0.469351269307 0.49894921494
30 30 2 0 1 0 -12 30 7 1141 0.438269913434 0.50846921494
30 30 2 0 1 0 -12 30 8 1142 0.65216651452 0.66392921494
30 30 2 0 1 0 -12 30 9 1143 0.751007707946 0.596086975036
30 30 2 0 1 0 -12 90 5 1144 0.480327040742 0.439090362947
30 30 2 0 1 0 -12 90 7 1145 0.703664787834 0.656590362947
30 30 2 0 1 0 -12 90 8 1146 0.636474062039 0.594970362947
30 30 2 0 1 0 -12 90 9 1147 0.315552453389 0.417060362947
30 30 2 0 1 0 -12 300 5 1148 1.13062241264 0.777478414396
30 30 2 0 1 0 -12 300 7 1149 1.07584032062 0.665418414396
30 30 2 0 1 0 -12 300 8 1150 0.812781524498 0.573658414396
30 30 2 0 1 0 -12 300 9 1151 1.30205912877 0.562048414396
10 10 2 0 -1 0 -6 30 9 1383 0.124066616086 0.431612887156
10 10 2 0 -1 0 -6 90 5 1384 0.817837341463 0.600810362947
10 10 2 0 -1 0 -6 90 7 1385 0.372858553888 0.468930362947
10 10 2 0 -1 0 -6 90 8 1386 0.429337282692 0.489060362947
10 10 2 0 -1 0 -6 90 9 1387 0.473007618497 0.496137815142
10 10 2 0 -1 0 -6 300 5 1388 0.29584517591 0.463768414396
10 10 2 0 -1 0 -6 300 7 1389 0.553168262824 0.531078414396
10 10 2 0 -1 0 -6 300 8 1390 0.468392284015 0.521368414396
10 10 2 0 -1 0 -6 300 9 1391 0.514835058834 0.549008414396
10 10 2 0 1 0 -6 10 5 1392 -0.343868729125 0.0731075669345
10 10 2 0 1 0 -6 10 7 1393 -0.24499373593 0.130800046935
10 10 2 0 1 0 -6 10 8 1394 -0.203305349232 0.172537477148
10 10 2 0 1 0 -6 10 9 1395 -0.126666329867 0.328499724977
10 10 2 0 1 0 -6 30 5 1396 -0.107784937981 0.210556619814
10 10 2 0 1 0 -6 30 7 1397 -0.0315024013827 0.36796921494
10 10 2 0 1 0 -6 30 8 1398 0.26669224982 0.45386921494
10 10 2 0 1 0 -6 30 9 1399 0.43349907617 0.459382887156
10 10 2 0 1 0 -6 90 5 1400 0.0583036280007 0.350929113534
10 10 2 0 1 0 -6 90 7 1401 0.420792163683 0.482800362947
10 10 2 0 1 0 -6 90 8 1402 0.338164785792 0.462670362947
10 10 2 0 1 0 -6 90 9 1403 0.27275263184 0.455107815142
