2128 sharpe_rank_long_short
1 5 2 0 -1 0 -42 10 7 1 0.364744765026 0.464519681051
1532 sharpe_rank_long_short
1 5 2 0 -1 0 -42 10 8 2 0.348391048701 0.438409419949
908 sharpe_rank_long_short
1 5 2 0 -1 0 -42 10 9 3 0.364530848812 0.438069416549
3205 sharpe_rank_long_short
1 5 2 0 -1 0 -42 30 5 4 0.724886024876 0.588719121407
943 sharpe_rank_long_short
1 5 2 0 -1 0 -42 30 7 5 0.506082650661 0.520569121407
622 sharpe_rank_long_short
1 5 2 0 -1 0 -42 30 8 6 0.457744165132 0.508039121407
360 sharpe_rank_long_short
1 5 2 0 -1 0 -42 30 9 7 0.416609981092 0.474359569311
1851 sharpe_rank_long_short
1 5 2 0 -1 0 -42 90 5 8 0.546422260874 0.470893623608
348 sharpe_rank_long_short
1 5 2 0 -1 0 -42 90 7 9 0.36952499588 0.448973623608
207 sharpe_rank_long_short
1 5 2 0 -1 0 -42 90 8 10 0.263398693434 0.426813623608
124 sharpe_rank_long_short
1 5 2 0 -1 0 -42 90 9 11 0.153912626938 0.407753623608
658 sharpe_rank_long_short
1 5 2 0 -1 0 -42 300 5 12 0.727879204215 0.53741277283
77 sharpe_rank_long_short
1 5 2 0 -1 0 -42 300 7 13 0.638583003587 0.51826277283
63 sharpe_rank_long_short
1 5 2 0 -1 0 -42 300 8 14 0.701866595747 0.533412927532
40 sharpe_rank_long_short
1 5 2 0 -1 0 -42 300 9 15 0.671032927655 0.522922822631
4807 sharpe_rank_long_short
1 5 2 0 1 0 -42 10 5 16 -0.0743476520028 0.171768442939
2128 sharpe_rank_long_short
1 5 2 0 1 0 -42 10 7 17 0.0853612201415 0.216898442939
1532 sharpe_rank_long_short
1 5 2 0 1 0 -42 10 8 18 0.128538939083 0.243008442939
908 sharpe_rank_long_short
1 5 2 0 1 0 -42 10 9 19 0.161047810805 0.243348442939
3205 sharpe_rank_long_short
1 5 2 0 1 0 -42 30 5 20 -0.177877895372 0.270409121407
943 sharpe_rank_long_short
1 5 2 0 1 0 -42 30 7 21 0.0276642839119 0.338559121407
622 sharpe_rank_long_short
1 5 2 0 1 0 -42 30 8 22 0.0861115525756 0.351089121407
360 sharpe_rank_long_short
1 5 2 0 1 0 -42 30 9 23 0.0971338262813 0.384779121407
1851 sharpe_rank_long_short
1 5 2 0 1 0 -42 90 5 24 0.0343211008421 0.400723623608
348 sharpe_rank_long_short
1 5 2 0 1 0 -42 90 7 25 0.228509133991 0.422643623608
207 sharpe_rank_long_short
1 5 2 0 1 0 -42 90 8 26 0.350408156296 0.444803623608
124 sharpe_rank_long_short
1 5 2 0 1 0 -42 90 9 27 0.459696308067 0.463863623608
658 sharpe_rank_long_short
1 5 2 0 1 0 -42 300 5 28 0.50990164534 0.49846277283
77 sharpe_rank_long_short
1 5 2 0 1 0 -42 300 7 29 0.628177963915 0.51761277283
63 sharpe_rank_long_short
1 5 2 0 1 0 -42 300 8 30 0.566392867181 0.50247277283
40 sharpe_rank_long_short
1 5 2 0 1 0 -42 300 9 31 0.625740909779 0.51296277283
4807 sharpe_rank_long_short
1 10 2 0 -1 0 -42 10 5 32 0.440011572502 0.509650132356
2128 sharpe_rank_long_short
1 10 2 0 -1 0 -42 10 7 33 0.364744765026 0.464519681051
1532 sharpe_rank_long_short
1 10 2 0 -1 0 -42 10 8 34 0.348391048701 0.438409419949
908 sharpe_rank_long_short
1 10 2 0 -1 0 -42 10 9 35 0.364530848812 0.438069416549
3205 sharpe_rank_long_short
1 10 2 0 -1 0 -42 30 5 36 0.724886024876 0.588719121407
943 sharpe_rank_long_short
1 10 2 0 -1 0 -42 30 7 37 0.506082650661 0.520569121407
622 sharpe_rank_long_short
1 10 2 0 -1 0 -42 30 8 38 0.457744165132 0.508039121407
360 sharpe_rank_long_short
1 10 2 0 -1 0 -42 30 9 39 0.416609981092 0.474359569311
1851 sharpe_rank_long_short
1 10 2 0 -1 0 -42 90 5 40 0.546422260874 0.470893623608
348 sharpe_rank_long_short
1 10 2 0 -1 0 -42 90 7 41 0.36952499588 0.448973623608
207 sharpe_rank_long_short
1 10 2 0 -1 0 -42 90 8 42 0.263398693434 0.426813623608
124 sharpe_rank_long_short
1 10 2 0 -1 0 -42 90 9 43 0.153912626938 0.407753623608
658 sharpe_rank_long_short
1 10 2 0 -1 0 -42 300 5 44 0.727879204215 0.53741277283
77 sharpe_rank_long_short
1 10 2 0 -1 0 -42 300 7 45 0.638583003587 0.51826277283
63 sharpe_rank_long_short
1 10 2 0 -1 0 -42 300 8 46 0.701866595747 0.533412927532
40 sharpe_rank_long_short
1 10 2 0 -1 0 -42 300 9 47 0.671032927655 0.522922822631
4807 sharpe_rank_long_short
1 10 2 0 1 0 -42 10 5 48 -0.0743476520028 0.171768442939
2128 sharpe_rank_long_short
1 10 2 0 1 0 -42 10 7 49 0.0853612201415 0.216898442939
1532 sharpe_rank_long_short
1 10 2 0 1 0 -42 10 8 50 0.128538939083 0.243008442939
908 sharpe_rank_long_short
1 10 2 0 1 0 -42 10 9 51 0.161047810805 0.243348442939
3205 sharpe_rank_long_short
1 10 2 0 1 0 -42 30 5 52 -0.177877895372 0.270409121407
943 sharpe_rank_long_short
1 10 2 0 1 0 -42 30 7 53 0.0276642839119 0.338559121407
622 sharpe_rank_long_short
1 10 2 0 1 0 -42 30 8 54 0.0861115525756 0.351089121407
360 sharpe_rank_long_short
1 10 2 0 1 0 -42 30 9 55 0.0971338262813 0.384779121407
1851 sharpe_rank_long_short
1 10 2 0 1 0 -42 90 5 56 0.0343211008421 0.400723623608
348 sharpe_rank_long_short
1 10 2 0 1 0 -42 90 7 57 0.228509133991 0.422643623608
207 sharpe_rank_long_short
1 10 2 0 1 0 -42 90 8 58 0.350408156296 0.444803623608
124 sharpe_rank_long_short
1 10 2 0 1 0 -42 90 9 59 0.459696308067 0.463863623608
658 sharpe_rank_long_short
1 10 2 0 1 0 -42 300 5 60 0.50990164534 0.49846277283
77 sharpe_rank_long_short
1 10 2 0 1 0 -42 300 7 61 0.628177963915 0.51761277283
63 sharpe_rank_long_short
1 10 2 0 1 0 -42 300 8 62 0.566392867181 0.50247277283
40 sharpe_rank_long_short
1 10 2 0 1 0 -42 300 9 63 0.625740909779 0.51296277283
4807 sharpe_rank_long_short
1 30 2 0 -1 0 -42 10 5 64 0.440011572502 0.509650132356
2128 sharpe_rank_long_short
1 30 2 0 -1 0 -42 10 7 65 0.364744765026 0.464519681051
1532 sharpe_rank_long_short
1 30 2 0 -1 0 -42 10 8 66 0.348391048701 0.438409419949
908 sharpe_rank_long_short
1 30 2 0 -1 0 -42 10 9 67 0.364530848812 0.438069416549
3205 sharpe_rank_long_short
1 30 2 0 -1 0 -42 30 5 68 0.724886024876 0.588719121407
943 sharpe_rank_long_short
1 30 2 0 -1 0 -42 30 7 69 0.506082650661 0.520569121407
622 sharpe_rank_long_short
1 30 2 0 -1 0 -42 30 8 70 0.457744165132 0.508039121407
360 sharpe_rank_long_short
1 30 2 0 -1 0 -42 30 9 71 0.416609981092 0.474359569311
1851 sharpe_rank_long_short
1 30 2 0 -1 0 -42 90 5 72 0.546422260874 0.470893623608
348 sharpe_rank_long_short
1 30 2 0 -1 0 -42 90 7 73 0.36952499588 0.448973623608
207 sharpe_rank_long_short
1 30 2 0 -1 0 -42 90 8 74 0.263398693434 0.426813623608
124 sharpe_rank_long_short
1 30 2 0 -1 0 -42 90 9 75 0.153912626938 0.407753623608
658 sharpe_rank_long_short
1 30 2 0 -1 0 -42 300 5 76 0.727879204215 0.53741277283
77 sharpe_rank_long_short
1 30 2 0 -1 0 -42 300 7 77 0.638583003587 0.51826277283
63 sharpe_rank_long_short
1 30 2 0 -1 0 -42 300 8 78 0.701866595747 0.533412927532
40 sharpe_rank_long_short
1 30 2 0 -1 0 -42 300 9 79 0.671032927655 0.522922822631
4807 sharpe_rank_long_short
1 30 2 0 1 0 -42 10 5 80 -0.0743476520028 0.171768442939
2128 sharpe_rank_long_short
1 30 2 0 1 0 -42 10 7 81 0.0853612201415 0.216898442939
1532 sharpe_rank_long_short
1 30 2 0 1 0 -42 10 8 82 0.128538939083 0.243008442939
908 sharpe_rank_long_short
1 30 2 0 1 0 -42 10 9 83 0.161047810805 0.243348442939
3205 sharpe_rank_long_short
1 30 2 0 1 0 -42 30 5 84 -0.177877895372 0.270409121407
943 sharpe_rank_long_short
1 30 2 0 1 0 -42 30 7 85 0.0276642839119 0.338559121407
622 sharpe_rank_long_short
1 30 2 0 1 0 -42 30 8 86 0.0861115525756 0.351089121407
360 sharpe_rank_long_short
1 30 2 0 1 0 -42 30 9 87 0.0971338262813 0.384779121407
1851 sharpe_rank_long_short
1 30 2 0 1 0 -42 90 5 88 0.0343211008421 0.400723623608
348 sharpe_rank_long_short
1 30 2 0 1 0 -42 90 7 89 0.228509133991 0.422643623608
207 sharpe_rank_long_short
1 30 2 0 1 0 -42 90 8 90 0.350408156296 0.444803623608
124 sharpe_rank_long_short
1 30 2 0 1 0 -42 90 9 91 0.459696308067 0.463863623608
658 sharpe_rank_long_short
1 30 2 0 1 0 -42 300 5 92 0.50990164534 0.49846277283
77 sharpe_rank_long_short
1 30 2 0 1 0 -42 300 7 93 0.628177963915 0.51761277283
63 sharpe_rank_long_short
1 30 2 0 1 0 -42 300 8 94 0.566392867181 0.50247277283
40 sharpe_rank_long_short
1 30 2 0 1 0 -42 300 9 95 0.625740909779 0.51296277283
4807 sharpe_rank_long_short
2 5 2 0 -1 0 -42 10 5 96 0.440011572502 0.509650132356
2128 sharpe_rank_long_short
2 5 2 0 -1 0 -42 10 7 97 0.364744765026 0.464519681051
1532 sharpe_rank_long_short
2 5 2 0 -1 0 -42 10 8 98 0.348391048701 0.438409419949
908 sharpe_rank_long_short
2 5 2 0 -1 0 -42 10 9 99 0.364530848812 0.438069416549
3205 sharpe_rank_long_short
2 5 2 0 -1 0 -42 30 5 100 0.724886024876 0.588719121407
943 sharpe_rank_long_short
2 5 2 0 -1 0 -42 30 7 101 0.506082650661 0.520569121407
622 sharpe_rank_long_short
2 5 2 0 -1 0 -42 30 8 102 0.457744165132 0.508039121407
360 sharpe_rank_long_short
2 5 2 0 -1 0 -42 30 9 103 0.416609981092 0.474359569311
1851 sharpe_rank_long_short
2 5 2 0 -1 0 -42 90 5 104 0.546422260874 0.470893623608
348 sharpe_rank_long_short
2 5 2 0 -1 0 -42 90 7 105 0.36952499588 0.448973623608
207 sharpe_rank_long_short
2 5 2 0 -1 0 -42 90 8 106 0.263398693434 0.426813623608
124 sharpe_rank_long_short
2 5 2 0 -1 0 -42 90 9 107 0.153912626938 0.407753623608
658 sharpe_rank_long_short
2 5 2 0 -1 0 -42 300 5 108 0.727879204215 0.53741277283
77 sharpe_rank_long_short
2 5 2 0 -1 0 -42 300 7 109 0.638583003587 0.51826277283
63 sharpe_rank_long_short
2 5 2 0 -1 0 -42 300 8 110 0.701866595747 0.533412927532
40 sharpe_rank_long_short
2 5 2 0 -1 0 -42 300 9 111 0.671032927655 0.522922822631
4807 sharpe_rank_long_short
2 5 2 0 1 0 -42 10 5 112 -0.0743476520028 0.171768442939
2128 sharpe_rank_long_short
2 5 2 0 1 0 -42 10 7 113 0.0853612201415 0.216898442939
1532 sharpe_rank_long_short
2 5 2 0 1 0 -42 10 8 114 0.128538939083 0.243008442939
908 sharpe_rank_long_short
2 5 2 0 1 0 -42 10 9 115 0.161047810805 0.243348442939
3205 sharpe_rank_long_short
2 5 2 0 1 0 -42 30 5 116 -0.177877895372 0.270409121407
943 sharpe_rank_long_short
2 5 2 0 1 0 -42 30 7 117 0.0276642839119 0.338559121407
622 sharpe_rank_long_short
2 5 2 0 1 0 -42 30 8 118 0.0861115525756 0.351089121407
360 sharpe_rank_long_short
2 5 2 0 1 0 -42 30 9 119 0.0971338262813 0.384779121407
1851 sharpe_rank_long_short
2 5 2 0 1 0 -42 90 5 120 0.0343211008421 0.400723623608
348 sharpe_rank_long_short
2 5 2 0 1 0 -42 90 7 121 0.228509133991 0.422643623608
207 sharpe_rank_long_short
2 5 2 0 1 0 -42 90 8 122 0.350408156296 0.444803623608
124 sharpe_rank_long_short
2 5 2 0 1 0 -42 90 9 123 0.459696308067 0.463863623608
658 sharpe_rank_long_short
2 5 2 0 1 0 -42 300 5 124 0.50990164534 0.49846277283
77 sharpe_rank_long_short
2 5 2 0 1 0 -42 300 7 125 0.628177963915 0.51761277283
63 sharpe_rank_long_short
2 5 2 0 1 0 -42 300 8 126 0.566392867181 0.50247277283
40 sharpe_rank_long_short
2 5 2 0 1 0 -42 300 9 127 0.625740909779 0.51296277283
4807 sharpe_rank_long_short
2 10 2 0 -1 0 -42 10 5 128 0.440011572502 0.509650132356
2128 sharpe_rank_long_short
2 10 2 0 -1 0 -42 10 7 129 0.364744765026 0.464519681051
1532 sharpe_rank_long_short
2 10 2 0 -1 0 -42 10 8 130 0.348391048701 0.438409419949
908 sharpe_rank_long_short
2 10 2 0 -1 0 -42 10 9 131 0.364530848812 0.438069416549
3205 sharpe_rank_long_short
2 10 2 0 -1 0 -42 30 5 132 0.724886024876 0.588719121407
943 sharpe_rank_long_short
2 10 2 0 -1 0 -42 30 7 133 0.506082650661 0.520569121407
622 sharpe_rank_long_short
2 10 2 0 -1 0 -42 30 8 134 0.457744165132 0.508039121407
360 sharpe_rank_long_short
2 10 2 0 -1 0 -42 30 9 135 0.416609981092 0.474359569311
1851 sharpe_rank_long_short
2 10 2 0 -1 0 -42 90 5 136 0.546422260874 0.470893623608
348 sharpe_rank_long_short
2 10 2 0 -1 0 -42 90 7 137 0.36952499588 0.448973623608
207 sharpe_rank_long_short
2 10 2 0 -1 0 -42 90 8 138 0.263398693434 0.426813623608
124 sharpe_rank_long_short
2 10 2 0 -1 0 -42 90 9 139 0.153912626938 0.407753623608
658 sharpe_rank_long_short
2 10 2 0 -1 0 -42 300 5 140 0.727879204215 0.53741277283
77 sharpe_rank_long_short
2 10 2 0 -1 0 -42 300 7 141 0.638583003587 0.51826277283
63 sharpe_rank_long_short
2 10 2 0 -1 0 -42 300 8 142 0.701866595747 0.533412927532
40 sharpe_rank_long_short
2 10 2 0 -1 0 -42 300 9 143 0.671032927655 0.522922822631
4807 sharpe_rank_long_short
2 10 2 0 1 0 -42 10 5 144 -0.0743476520028 0.171768442939
2128 sharpe_rank_long_short
2 10 2 0 1 0 -42 10 7 145 0.0853612201415 0.216898442939
1532 sharpe_rank_long_short
2 10 2 0 1 0 -42 10 8 146 0.128538939083 0.243008442939
908 sharpe_rank_long_short
2 10 2 0 1 0 -42 10 9 147 0.161047810805 0.243348442939
3205 sharpe_rank_long_short
2 10 2 0 1 0 -42 30 5 148 -0.177877895372 0.270409121407
943 sharpe_rank_long_short
2 10 2 0 1 0 -42 30 7 149 0.0276642839119 0.338559121407
622 sharpe_rank_long_short
2 10 2 0 1 0 -42 30 8 150 0.0861115525756 0.351089121407
360 sharpe_rank_long_short
2 10 2 0 1 0 -42 30 9 151 0.0971338262813 0.384779121407
1851 sharpe_rank_long_short
2 10 2 0 1 0 -42 90 5 152 0.0343211008421 0.400723623608
348 sharpe_rank_long_short
2 10 2 0 1 0 -42 90 7 153 0.228509133991 0.422643623608
207 sharpe_rank_long_short
2 10 2 0 1 0 -42 90 8 154 0.350408156296 0.444803623608
124 sharpe_rank_long_short
2 10 2 0 1 0 -42 90 9 155 0.459696308067 0.463863623608
658 sharpe_rank_long_short
2 10 2 0 1 0 -42 300 5 156 0.50990164534 0.49846277283
77 sharpe_rank_long_short
2 10 2 0 1 0 -42 300 7 157 0.628177963915 0.51761277283
63 sharpe_rank_long_short
2 10 2 0 1 0 -42 300 8 158 0.566392867181 0.50247277283
40 sharpe_rank_long_short
2 10 2 0 1 0 -42 300 9 159 0.625740909779 0.51296277283
4807 sharpe_rank_long_short
2 30 2 0 -1 0 -42 10 5 160 0.440011572502 0.509650132356
2128 sharpe_rank_long_short
2 30 2 0 -1 0 -42 10 7 161 0.364744765026 0.464519681051
1532 sharpe_rank_long_short
2 30 2 0 -1 0 -42 10 8 162 0.348391048701 0.438409419949
908 sharpe_rank_long_short
2 30 2 0 -1 0 -42 10 9 163 0.364530848812 0.438069416549
3205 sharpe_rank_long_short
2 30 2 0 -1 0 -42 30 5 164 0.724886024876 0.588719121407
943 sharpe_rank_long_short
2 30 2 0 -1 0 -42 30 7 165 0.506082650661 0.520569121407
622 sharpe_rank_long_short
2 30 2 0 -1 0 -42 30 8 166 0.457744165132 0.508039121407
360 sharpe_rank_long_short
2 30 2 0 -1 0 -42 30 9 167 0.416609981092 0.474359569311
1851 sharpe_rank_long_short
2 30 2 0 -1 0 -42 90 5 168 0.546422260874 0.470893623608
348 sharpe_rank_long_short
2 30 2 0 -1 0 -42 90 7 169 0.36952499588 0.448973623608
207 sharpe_rank_long_short
2 30 2 0 -1 0 -42 90 8 170 0.263398693434 0.426813623608
124 sharpe_rank_long_short
2 30 2 0 -1 0 -42 90 9 171 0.153912626938 0.407753623608
658 sharpe_rank_long_short
2 30 2 0 -1 0 -42 300 5 172 0.727879204215 0.53741277283
77 sharpe_rank_long_short
2 30 2 0 -1 0 -42 300 7 173 0.638583003587 0.51826277283
63 sharpe_rank_long_short
2 30 2 0 -1 0 -42 300 8 174 0.701866595747 0.533412927532
40 sharpe_rank_long_short
2 30 2 0 -1 0 -42 300 9 175 0.671032927655 0.522922822631
4807 sharpe_rank_long_short
2 30 2 0 1 0 -42 10 5 176 -0.0743476520028 0.171768442939
2128 sharpe_rank_long_short
2 30 2 0 1 0 -42 10 7 177 0.0853612201415 0.216898442939
1532 sharpe_rank_long_short
2 30 2 0 1 0 -42 10 8 178 0.128538939083 0.243008442939
908 sharpe_rank_long_short
2 30 2 0 1 0 -42 10 9 179 0.161047810805 0.243348442939
3205 sharpe_rank_long_short
2 30 2 0 1 0 -42 30 5 180 -0.177877895372 0.270409121407
943 sharpe_rank_long_short
2 30 2 0 1 0 -42 30 7 181 0.0276642839119 0.338559121407
622 sharpe_rank_long_short
2 30 2 0 1 0 -42 30 8 182 0.0861115525756 0.351089121407
360 sharpe_rank_long_short
2 30 2 0 1 0 -42 30 9 183 0.0971338262813 0.384779121407
1851 sharpe_rank_long_short
2 30 2 0 1 0 -42 90 5 184 0.0343211008421 0.400723623608
348 sharpe_rank_long_short
2 30 2 0 1 0 -42 90 7 185 0.228509133991 0.422643623608
207 sharpe_rank_long_short
2 30 2 0 1 0 -42 90 8 186 0.350408156296 0.444803623608
124 sharpe_rank_long_short
2 30 2 0 1 0 -42 90 9 187 0.459696308067 0.463863623608
658 sharpe_rank_long_short
2 30 2 0 1 0 -42 300 5 188 0.50990164534 0.49846277283
77 sharpe_rank_long_short
2 30 2 0 1 0 -42 300 7 189 0.628177963915 0.51761277283
63 sharpe_rank_long_short
2 30 2 0 1 0 -42 300 8 190 0.566392867181 0.50247277283
40 sharpe_rank_long_short
2 30 2 0 1 0 -42 300 9 191 0.625740909779 0.51296277283
4807 sharpe_rank_long_short
10 5 2 0 -1 0 -42 10 5 192 0.440011572502 0.509650132356
2128 sharpe_rank_long_short
10 5 2 0 -1 0 -42 10 7 193 0.364744765026 0.464519681051
1532 sharpe_rank_long_short
10 5 2 0 -1 0 -42 10 8 194 0.348391048701 0.438409419949
908 sharpe_rank_long_short
10 5 2 0 -1 0 -42 10 9 195 0.364530848812 0.438069416549
3205 sharpe_rank_long_short
10 5 2 0 -1 0 -42 30 5 196 0.724886024876 0.588719121407
943 sharpe_rank_long_short
10 5 2 0 -1 0 -42 30 7 197 0.506082650661 0.520569121407
622 sharpe_rank_long_short
10 5 2 0 -1 0 -42 30 8 198 0.457744165132 0.508039121407
360 sharpe_rank_long_short
10 5 2 0 -1 0 -42 30 9 199 0.416609981092 0.474359569311
1851 sharpe_rank_long_short
10 5 2 0 -1 0 -42 90 5 200 0.546422260874 0.470893623608
348 sharpe_rank_long_short
10 5 2 0 -1 0 -42 90 7 201 0.36952499588 0.448973623608
207 sharpe_rank_long_short
10 5 2 0 -1 0 -42 90 8 202 0.263398693434 0.426813623608
124 sharpe_rank_long_short
10 5 2 0 -1 0 -42 90 9 203 0.153912626938 0.407753623608
658 sharpe_rank_long_short
10 5 2 0 -1 0 -42 300 5 204 0.727879204215 0.53741277283
77 sharpe_rank_long_short
10 5 2 0 -1 0 -42 300 7 205 0.638583003587 0.51826277283
63 sharpe_rank_long_short
10 5 2 0 -1 0 -42 300 8 206 0.701866595747 0.533412927532
40 sharpe_rank_long_short
10 5 2 0 -1 0 -42 300 9 207 0.671032927655 0.522922822631
4807 sharpe_rank_long_short
10 5 2 0 1 0 -42 10 5 208 -0.0743476520028 0.171768442939
2128 sharpe_rank_long_short
10 5 2 0 1 0 -42 10 7 209 0.0853612201415 0.216898442939
1532 sharpe_rank_long_short
10 5 2 0 1 0 -42 10 8 210 0.128538939083 0.243008442939
908 sharpe_rank_long_short
10 5 2 0 1 0 -42 10 9 211 0.161047810805 0.243348442939
3205 sharpe_rank_long_short
10 5 2 0 1 0 -42 30 5 212 -0.177877895372 0.270409121407
943 sharpe_rank_long_short
10 5 2 0 1 0 -42 30 7 213 0.0276642839119 0.338559121407
622 sharpe_rank_long_short
10 5 2 0 1 0 -42 30 8 214 0.0861115525756 0.351089121407
360 sharpe_rank_long_short
10 5 2 0 1 0 -42 30 9 215 0.0971338262813 0.384779121407
1851 sharpe_rank_long_short
10 5 2 0 1 0 -42 90 5 216 0.0343211008421 0.400723623608
348 sharpe_rank_long_short
10 5 2 0 1 0 -42 90 7 217 0.228509133991 0.422643623608
207 sharpe_rank_long_short
10 5 2 0 1 0 -42 90 8 218 0.350408156296 0.444803623608
124 sharpe_rank_long_short
10 5 2 0 1 0 -42 90 9 219 0.459696308067 0.463863623608
658 sharpe_rank_long_short
10 5 2 0 1 0 -42 300 5 220 0.50990164534 0.49846277283
77 sharpe_rank_long_short
10 5 2 0 1 0 -42 300 7 221 0.628177963915 0.51761277283
63 sharpe_rank_long_short
10 5 2 0 1 0 -42 300 8 222 0.566392867181 0.50247277283
40 sharpe_rank_long_short
10 5 2 0 1 0 -42 300 9 223 0.625740909779 0.51296277283
4807 sharpe_rank_long_short
10 10 2 0 -1 0 -42 10 5 224 0.440011572502 0.509650132356
2128 sharpe_rank_long_short
10 10 2 0 -1 0 -42 10 7 225 0.364744765026 0.464519681051
1532 sharpe_rank_long_short
10 10 2 0 -1 0 -42 10 8 226 0.348391048701 0.438409419949
908 sharpe_rank_long_short
10 10 2 0 -1 0 -42 10 9 227 0.364530848812 0.438069416549
3205 sharpe_rank_long_short
10 10 2 0 -1 0 -42 30 5 228 0.724886024876 0.588719121407
943 sharpe_rank_long_short
10 10 2 0 -1 0 -42 30 7 229 0.506082650661 0.520569121407
622 sharpe_rank_long_short
10 10 2 0 -1 0 -42 30 8 230 0.457744165132 0.508039121407
360 sharpe_rank_long_short
10 10 2 0 -1 0 -42 30 9 231 0.416609981092 0.474359569311
1851 sharpe_rank_long_short
10 10 2 0 -1 0 -42 90 5 232 0.546422260874 0.470893623608
348 sharpe_rank_long_short
10 10 2 0 -1 0 -42 90 7 233 0.36952499588 0.448973623608
207 sharpe_rank_long_short
10 10 2 0 -1 0 -42 90 8 234 0.263398693434 0.426813623608
124 sharpe_rank_long_short
10 10 2 0 -1 0 -42 90 9 235 0.153912626938 0.407753623608
658 sharpe_rank_long_short
10 10 2 0 -1 0 -42 300 5 236 0.727879204215 0.53741277283
77 sharpe_rank_long_short
10 10 2 0 -1 0 -42 300 7 237 0.638583003587 0.51826277283
63 sharpe_rank_long_short
10 10 2 0 -1 0 -42 300 8 238 0.701866595747 0.533412927532
40 sharpe_rank_long_short
10 10 2 0 -1 0 -42 300 9 239 0.671032927655 0.522922822631
4807 sharpe_rank_long_short
10 10 2 0 1 0 -42 10 5 240 -0.0743476520028 0.171768442939
2128 sharpe_rank_long_short
10 10 2 0 1 0 -42 10 7 241 0.0853612201415 0.216898442939
1532 sharpe_rank_long_short
10 10 2 0 1 0 -42 10 8 242 0.128538939083 0.243008442939
908 sharpe_rank_long_short
10 10 2 0 1 0 -42 10 9 243 0.161047810805 0.243348442939
3205 sharpe_rank_long_short
10 10 2 0 1 0 -42 30 5 244 -0.177877895372 0.270409121407
943 sharpe_rank_long_short
10 10 2 0 1 0 -42 30 7 245 0.0276642839119 0.338559121407
622 sharpe_rank_long_short
10 10 2 0 1 0 -42 30 8 246 0.0861115525756 0.351089121407
360 sharpe_rank_long_short
10 10 2 0 1 0 -42 30 9 247 0.0971338262813 0.384779121407
1851 sharpe_rank_long_short
10 10 2 0 1 0 -42 90 5 248 0.0343211008421 0.400723623608
348 sharpe_rank_long_short
10 10 2 0 1 0 -42 90 7 249 0.228509133991 0.422643623608
207 sharpe_rank_long_short
10 10 2 0 1 0 -42 90 8 250 0.350408156296 0.444803623608
124 sharpe_rank_long_short
10 10 2 0 1 0 -42 90 9 251 0.459696308067 0.463863623608
658 sharpe_rank_long_short
10 10 2 0 1 0 -42 300 5 252 0.50990164534 0.49846277283
77 sharpe_rank_long_short
10 10 2 0 1 0 -42 300 7 253 0.628177963915 0.51761277283
63 sharpe_rank_long_short
10 10 2 0 1 0 -42 300 8 254 0.566392867181 0.50247277283
40 sharpe_rank_long_short
10 10 2 0 1 0 -42 300 9 255 0.625740909779 0.51296277283
4807 sharpe_rank_long_short
10 30 2 0 -1 0 -42 10 5 256 0.440011572502 0.509650132356
2128 sharpe_rank_long_short
10 30 2 0 -1 0 -42 10 7 257 0.364744765026 0.464519681051
1532 sharpe_rank_long_short
10 30 2 0 -1 0 -42 10 8 258 0.348391048701 0.438409419949
908 sharpe_rank_long_short
10 30 2 0 -1 0 -42 10 9 259 0.364530848812 0.438069416549
3205 sharpe_rank_long_short
10 30 2 0 -1 0 -42 30 5 260 0.724886024876 0.588719121407
943 sharpe_rank_long_short
10 30 2 0 -1 0 -42 30 7 261 0.506082650661 0.520569121407
622 sharpe_rank_long_short
10 30 2 0 -1 0 -42 30 8 262 0.457744165132 0.508039121407
360 sharpe_rank_long_short
10 30 2 0 -1 0 -42 30 9 263 0.416609981092 0.474359569311
1851 sharpe_rank_long_short
10 30 2 0 -1 0 -42 90 5 264 0.546422260874 0.470893623608
348 sharpe_rank_long_short
10 30 2 0 -1 0 -42 90 7 265 0.36952499588 0.448973623608
207 sharpe_rank_long_short
10 30 2 0 -1 0 -42 90 8 266 0.263398693434 0.426813623608
124 sharpe_rank_long_short
10 30 2 0 -1 0 -42 90 9 267 0.153912626938 0.407753623608
658 sharpe_rank_long_short
10 30 2 0 -1 0 -42 300 5 268 0.727879204215 0.53741277283
77 sharpe_rank_long_short
10 30 2 0 -1 0 -42 300 7 269 0.638583003587 0.51826277283
63 sharpe_rank_long_short
10 30 2 0 -1 0 -42 300 8 270 0.701866595747 0.533412927532
40 sharpe_rank_long_short
10 30 2 0 -1 0 -42 300 9 271 0.671032927655 0.522922822631
4807 sharpe_rank_long_short
10 30 2 0 1 0 -42 10 5 272 -0.0743476520028 0.171768442939
2128 sharpe_rank_long_short
10 30 2 0 1 0 -42 10 7 273 0.0853612201415 0.216898442939
1532 sharpe_rank_long_short
10 30 2 0 1 0 -42 10 8 274 0.128538939083 0.243008442939
908 sharpe_rank_long_short
10 30 2 0 1 0 -42 10 9 275 0.161047810805 0.243348442939
3205 sharpe_rank_long_short
10 30 2 0 1 0 -42 30 5 276 -0.177877895372 0.270409121407
943 sharpe_rank_long_short
10 30 2 0 1 0 -42 30 7 277 0.0276642839119 0.338559121407
622 sharpe_rank_long_short
10 30 2 0 1 0 -42 30 8 278 0.0861115525756 0.351089121407
360 sharpe_rank_long_short
10 30 2 0 1 0 -42 30 9 279 0.0971338262813 0.384779121407
1851 sharpe_rank_long_short
10 30 2 0 1 0 -42 90 5 280 0.0343211008421 0.400723623608
348 sharpe_rank_long_short
10 30 2 0 1 0 -42 90 7 281 0.228509133991 0.422643623608
207 sharpe_rank_long_short
10 30 2 0 1 0 -42 90 8 282 0.350408156296 0.444803623608
124 sharpe_rank_long_short
10 30 2 0 1 0 -42 90 9 283 0.459696308067 0.463863623608
658 sharpe_rank_long_short
10 30 2 0 1 0 -42 300 5 284 0.50990164534 0.49846277283
77 sharpe_rank_long_short
10 30 2 0 1 0 -42 300 7 285 0.628177963915 0.51761277283
63 sharpe_rank_long_short
10 30 2 0 1 0 -42 300 8 286 0.566392867181 0.50247277283
40 sharpe_rank_long_short
10 30 2 0 1 0 -42 300 9 287 0.625740909779 0.51296277283
4807 sharpe_rank_long_short
30 5 2 0 -1 0 -42 10 5 288 0.440011572502 0.509650132356
2128 sharpe_rank_long_short
30 5 2 0 -1 0 -42 10 7 289 0.364744765026 0.464519681051
1532 sharpe_rank_long_short
30 5 2 0 -1 0 -42 10 8 290 0.348391048701 0.438409419949
908 sharpe_rank_long_short
30 5 2 0 -1 0 -42 10 9 291 0.364530848812 0.438069416549
3205 sharpe_rank_long_short
30 5 2 0 -1 0 -42 30 5 292 0.724886024876 0.588719121407
943 sharpe_rank_long_short
30 5 2 0 -1 0 -42 30 7 293 0.506082650661 0.520569121407
622 sharpe_rank_long_short
30 5 2 0 -1 0 -42 30 8 294 0.457744165132 0.508039121407
360 sharpe_rank_long_short
30 5 2 0 -1 0 -42 30 9 295 0.416609981092 0.474359569311
1851 sharpe_rank_long_short
30 5 2 0 -1 0 -42 90 5 296 0.546422260874 0.470893623608
348 sharpe_rank_long_short
30 5 2 0 -1 0 -42 90 7 297 0.36952499588 0.448973623608
207 sharpe_rank_long_short
30 5 2 0 -1 0 -42 90 8 298 0.263398693434 0.426813623608
124 sharpe_rank_long_short
30 5 2 0 -1 0 -42 90 9 299 0.153912626938 0.407753623608
658 sharpe_rank_long_short
30 5 2 0 -1 0 -42 300 5 300 0.727879204215 0.53741277283
77 sharpe_rank_long_short
30 5 2 0 -1 0 -42 300 7 301 0.638583003587 0.51826277283
63 sharpe_rank_long_short
30 5 2 0 -1 0 -42 300 8 302 0.701866595747 0.533412927532
40 sharpe_rank_long_short
30 5 2 0 -1 0 -42 300 9 303 0.671032927655 0.522922822631
4807 sharpe_rank_long_short
30 5 2 0 1 0 -42 10 5 304 -0.0743476520028 0.171768442939
2128 sharpe_rank_long_short
30 5 2 0 1 0 -42 10 7 305 0.0853612201415 0.216898442939
1532 sharpe_rank_long_short
30 5 2 0 1 0 -42 10 8 306 0.128538939083 0.243008442939
908 sharpe_rank_long_short
30 5 2 0 1 0 -42 10 9 307 0.161047810805 0.243348442939
3205 sharpe_rank_long_short
30 5 2 0 1 0 -42 30 5 308 -0.177877895372 0.270409121407
943 sharpe_rank_long_short
30 5 2 0 1 0 -42 30 7 309 0.0276642839119 0.338559121407
622 sharpe_rank_long_short
30 5 2 0 1 0 -42 30 8 310 0.0861115525756 0.351089121407
360 sharpe_rank_long_short
30 5 2 0 1 0 -42 30 9 311 0.0971338262813 0.384779121407
1851 sharpe_rank_long_short
30 5 2 0 1 0 -42 90 5 312 0.0343211008421 0.400723623608
348 sharpe_rank_long_short
30 5 2 0 1 0 -42 90 7 313 0.228509133991 0.422643623608
207 sharpe_rank_long_short
30 5 2 0 1 0 -42 90 8 314 0.350408156296 0.444803623608
124 sharpe_rank_long_short
30 5 2 0 1 0 -42 90 9 315 0.459696308067 0.463863623608
658 sharpe_rank_long_short
30 5 2 0 1 0 -42 300 5 316 0.50990164534 0.49846277283
77 sharpe_rank_long_short
30 5 2 0 1 0 -42 300 7 317 0.628177963915 0.51761277283
63 sharpe_rank_long_short
30 5 2 0 1 0 -42 300 8 318 0.566392867181 0.50247277283
40 sharpe_rank_long_short
30 5 2 0 1 0 -42 300 9 319 0.625740909779 0.51296277283
4807 sharpe_rank_long_short
30 10 2 0 -1 0 -42 10 5 320 0.440011572502 0.509650132356
2128 sharpe_rank_long_short
30 10 2 0 -1 0 -42 10 7 321 0.364744765026 0.464519681051
1532 sharpe_rank_long_short
30 10 2 0 -1 0 -42 10 8 322 0.348391048701 0.438409419949
908 sharpe_rank_long_short
30 10 2 0 -1 0 -42 10 9 323 0.364530848812 0.438069416549
3205 sharpe_rank_long_short
30 10 2 0 -1 0 -42 30 5 324 0.724886024876 0.588719121407
943 sharpe_rank_long_short
30 10 2 0 -1 0 -42 30 7 325 0.506082650661 0.520569121407
622 sharpe_rank_long_short
30 10 2 0 -1 0 -42 30 8 326 0.457744165132 0.508039121407
360 sharpe_rank_long_short
30 10 2 0 -1 0 -42 30 9 327 0.416609981092 0.474359569311
1851 sharpe_rank_long_short
30 10 2 0 -1 0 -42 90 5 328 0.546422260874 0.470893623608
348 sharpe_rank_long_short
30 10 2 0 -1 0 -42 90 7 329 0.36952499588 0.448973623608
207 sharpe_rank_long_short
30 10 2 0 -1 0 -42 90 8 330 0.263398693434 0.426813623608
124 sharpe_rank_long_short
30 10 2 0 -1 0 -42 90 9 331 0.153912626938 0.407753623608
658 sharpe_rank_long_short
30 10 2 0 -1 0 -42 300 5 332 0.727879204215 0.53741277283
77 sharpe_rank_long_short
30 10 2 0 -1 0 -42 300 7 333 0.638583003587 0.51826277283
63 sharpe_rank_long_short
30 10 2 0 -1 0 -42 300 8 334 0.701866595747 0.533412927532
40 sharpe_rank_long_short
30 10 2 0 -1 0 -42 300 9 335 0.671032927655 0.522922822631
4807 sharpe_rank_long_short
30 10 2 0 1 0 -42 10 5 336 -0.0743476520028 0.171768442939
2128 sharpe_rank_long_short
30 10 2 0 1 0 -42 10 7 337 0.0853612201415 0.216898442939
1532 sharpe_rank_long_short
30 10 2 0 1 0 -42 10 8 338 0.128538939083 0.243008442939
908 sharpe_rank_long_short
30 10 2 0 1 0 -42 10 9 339 0.161047810805 0.243348442939
3205 sharpe_rank_long_short
30 10 2 0 1 0 -42 30 5 340 -0.177877895372 0.270409121407
943 sharpe_rank_long_short
30 10 2 0 1 0 -42 30 7 341 0.0276642839119 0.338559121407
622 sharpe_rank_long_short
30 10 2 0 1 0 -42 30 8 342 0.0861115525756 0.351089121407
360 sharpe_rank_long_short
30 10 2 0 1 0 -42 30 9 343 0.0971338262813 0.384779121407
1851 sharpe_rank_long_short
30 10 2 0 1 0 -42 90 5 344 0.0343211008421 0.400723623608
348 sharpe_rank_long_short
30 10 2 0 1 0 -42 90 7 345 0.228509133991 0.422643623608
207 sharpe_rank_long_short
30 10 2 0 1 0 -42 90 8 346 0.350408156296 0.444803623608
124 sharpe_rank_long_short
30 10 2 0 1 0 -42 90 9 347 0.459696308067 0.463863623608
658 sharpe_rank_long_short
30 10 2 0 1 0 -42 300 5 348 0.50990164534 0.49846277283
77 sharpe_rank_long_short
30 10 2 0 1 0 -42 300 7 349 0.628177963915 0.51761277283
63 sharpe_rank_long_short
30 10 2 0 1 0 -42 300 8 350 0.566392867181 0.50247277283
40 sharpe_rank_long_short
30 10 2 0 1 0 -42 300 9 351 0.625740909779 0.51296277283
4807 sharpe_rank_long_short
30 30 2 0 -1 0 -42 10 5 352 0.440011572502 0.509650132356
2128 sharpe_rank_long_short
30 30 2 0 -1 0 -42 10 7 353 0.364744765026 0.464519681051
1532 sharpe_rank_long_short
30 30 2 0 -1 0 -42 10 8 354 0.348391048701 0.438409419949
908 sharpe_rank_long_short
30 30 2 0 -1 0 -42 10 9 355 0.364530848812 0.438069416549
3205 sharpe_rank_long_short
30 30 2 0 -1 0 -42 30 5 356 0.724886024876 0.588719121407
943 sharpe_rank_long_short
30 30 2 0 -1 0 -42 30 7 357 0.506082650661 0.520569121407
622 sharpe_rank_long_short
30 30 2 0 -1 0 -42 30 8 358 0.457744165132 0.508039121407
360 sharpe_rank_long_short
30 30 2 0 -1 0 -42 30 9 359 0.416609981092 0.474359569311
1851 sharpe_rank_long_short
30 30 2 0 -1 0 -42 90 5 360 0.546422260874 0.470893623608
348 sharpe_rank_long_short
30 30 2 0 -1 0 -42 90 7 361 0.36952499588 0.448973623608
207 sharpe_rank_long_short
30 30 2 0 -1 0 -42 90 8 362 0.263398693434 0.426813623608
124 sharpe_rank_long_short
30 30 2 0 -1 0 -42 90 9 363 0.153912626938 0.407753623608
658 sharpe_rank_long_short
30 30 2 0 -1 0 -42 300 5 364 0.727879204215 0.53741277283
77 sharpe_rank_long_short
30 30 2 0 -1 0 -42 300 7 365 0.638583003587 0.51826277283
63 sharpe_rank_long_short
30 30 2 0 -1 0 -42 300 8 366 0.701866595747 0.533412927532
40 sharpe_rank_long_short
30 30 2 0 -1 0 -42 300 9 367 0.671032927655 0.522922822631
4807 sharpe_rank_long_short
30 30 2 0 1 0 -42 10 5 368 -0.0743476520028 0.171768442939
2128 sharpe_rank_long_short
30 30 2 0 1 0 -42 10 7 369 0.0853612201415 0.216898442939
1532 sharpe_rank_long_short
30 30 2 0 1 0 -42 10 8 370 0.128538939083 0.243008442939
908 sharpe_rank_long_short
30 30 2 0 1 0 -42 10 9 371 0.161047810805 0.243348442939
3205 sharpe_rank_long_short
30 30 2 0 1 0 -42 30 5 372 -0.177877895372 0.270409121407
943 sharpe_rank_long_short
30 30 2 0 1 0 -42 30 7 373 0.0276642839119 0.338559121407
622 sharpe_rank_long_short
30 30 2 0 1 0 -42 30 8 374 0.0861115525756 0.351089121407
360 sharpe_rank_long_short
30 30 2 0 1 0 -42 30 9 375 0.0971338262813 0.384779121407
1851 sharpe_rank_long_short
30 30 2 0 1 0 -42 90 5 376 0.0343211008421 0.400723623608
348 sharpe_rank_long_short
30 30 2 0 1 0 -42 90 7 377 0.228509133991 0.422643623608
207 sharpe_rank_long_short
30 30 2 0 1 0 -42 90 8 378 0.350408156296 0.444803623608
124 sharpe_rank_long_short
30 30 2 0 1 0 -42 90 9 379 0.459696308067 0.463863623608
658 sharpe_rank_long_short
30 30 2 0 1 0 -42 300 5 380 0.50990164534 0.49846277283
77 sharpe_rank_long_short
30 30 2 0 1 0 -42 300 7 381 0.628177963915 0.51761277283
63 sharpe_rank_long_short
30 30 2 0 1 0 -42 300 8 382 0.566392867181 0.50247277283
40 sharpe_rank_long_short
30 30 2 0 1 0 -42 300 9 383 0.625740909779 0.51296277283
3165 sharpe_rank_long_short
1 5 2 0 -1 0 -22 10 5 384 0.290005672208 0.390688442939
111 sharpe_rank_long_short
1 5 2 0 -1 0 -22 10 7 385 0.32047649975 0.352988776767
32 sharpe_rank_long_short
1 5 2 0 -1 0 -22 10 8 386 0.00473549342646 0.359061920196
14 sharpe_rank_long_short
1 5 2 0 -1 0 -22 10 9 387 0.376870393725 0.401392423993
2138 sharpe_rank_long_short
1 5 2 0 -1 0 -22 30 5 388 0.467413709325 0.485909121407
34 sharpe_rank_long_short
1 5 2 0 -1 0 -22 30 7 389 0.22067325045 0.333147887949
13 sharpe_rank_long_short
1 5 2 0 -1 0 -22 30 8 390 0.221398806365 0.417752961561
6 sharpe_rank_long_short
1 5 2 0 -1 0 -22 30 9 391 -0.195988898116 0.408412961561
1256 sharpe_rank_long_short
1 5 2 0 -1 0 -22 90 5 392 0.761594283998 0.507106273976
8 sharpe_rank_long_short
1 5 2 0 -1 0 -22 90 7 393 0.720256297225 0.441502961561
4 sharpe_rank_long_short
1 5 2 0 -1 0 -22 90 8 394 0.356832414847 0.433182961561
2 sharpe_rank_long_short
1 5 2 0 -1 0 -22 90 9 395 -0.0821775322257 0.426982961561
426 sharpe_rank_long_short
1 5 2 0 -1 0 -22 300 5 396 0.763274687928 0.536780470591
4 sharpe_rank_long_short
1 5 2 0 -1 0 -22 300 7 397 1.35355687097 0.566191859798
3 sharpe_rank_long_short
1 5 2 0 -1 0 -22 300 8 398 0.745638315284 0.558861859798
2 sharpe_rank_long_short
1 5 2 0 -1 0 -22 300 9 399 0.839219906503 0.559711859798
3165 sharpe_rank_long_short
1 5 2 0 1 0 -22 10 5 400 0.00480824567449 0.290718442939
111 sharpe_rank_long_short
1 5 2 0 1 0 -22 10 7 401 -0.115949106324 0.305258776767
32 sharpe_rank_long_short
1 5 2 0 1 0 -22 10 8 402 0.297255220672 0.377871920196
14 sharpe_rank_long_short
1 5 2 0 1 0 -22 10 9 403 0.320714736601 0.395902423993
2138 sharpe_rank_long_short
1 5 2 0 1 0 -22 30 5 404 0.045433576162 0.373219121407
34 sharpe_rank_long_short
1 5 2 0 1 0 -22 30 7 405 0.144495960383 0.314537887949
13 sharpe_rank_long_short
1 5 2 0 1 0 -22 30 8 406 0.440495366569 0.447002961561
6 sharpe_rank_long_short
1 5 2 0 1 0 -22 30 9 407 0.814656736671 0.456342961561
1256 sharpe_rank_long_short
1 5 2 0 1 0 -22 90 5 408 -0.0771466966665 0.432676273976
8 sharpe_rank_long_short
1 5 2 0 1 0 -22 90 7 409 -0.108878924292 0.423252961561
4 sharpe_rank_long_short
1 5 2 0 1 0 -22 90 8 410 0.254159143623 0.431572961561
2 sharpe_rank_long_short
1 5 2 0 1 0 -22 90 9 411 0.69271084333 0.437772961561
426 sharpe_rank_long_short
1 5 2 0 1 0 -22 300 5 412 0.451264139842 0.498510470591
4 sharpe_rank_long_short
1 5 2 0 1 0 -22 300 7 413 0.150425264304 0.551701859798
3 sharpe_rank_long_short
1 5 2 0 1 0 -22 300 8 414 0.76266085256 0.559031859798
2 sharpe_rank_long_short
1 5 2 0 1 0 -22 300 9 415 0.66782608876 0.558181859798
3165 sharpe_rank_long_short
1 10 2 0 -1 0 -22 10 5 416 0.290005672208 0.390688442939
111 sharpe_rank_long_short
1 10 2 0 -1 0 -22 10 7 417 0.32047649975 0.352988776767
32 sharpe_rank_long_short
1 10 2 0 -1 0 -22 10 8 418 0.00473549342646 0.359061920196
14 sharpe_rank_long_short
1 10 2 0 -1 0 -22 10 9 419 0.376870393725 0.401392423993
2138 sharpe_rank_long_short
1 10 2 0 -1 0 -22 30 5 420 0.467413709325 0.485909121407
34 sharpe_rank_long_short
1 10 2 0 -1 0 -22 30 7 421 0.22067325045 0.333147887949
13 sharpe_rank_long_short
1 10 2 0 -1 0 -22 30 8 422 0.221398806365 0.417752961561
6 sharpe_rank_long_short
1 10 2 0 -1 0 -22 30 9 423 -0.195988898116 0.408412961561
1256 sharpe_rank_long_short
1 10 2 0 -1 0 -22 90 5 424 0.761594283998 0.507106273976
8 sharpe_rank_long_short
1 10 2 0 -1 0 -22 90 7 425 0.720256297225 0.441502961561
4 sharpe_rank_long_short
1 10 2 0 -1 0 -22 90 8 426 0.356832414847 0.433182961561
2 sharpe_rank_long_short
1 10 2 0 -1 0 -22 90 9 427 -0.0821775322257 0.426982961561
426 sharpe_rank_long_short
1 10 2 0 -1 0 -22 300 5 428 0.763274687928 0.536780470591
4 sharpe_rank_long_short
1 10 2 0 -1 0 -22 300 7 429 1.35355687097 0.566191859798
3 sharpe_rank_long_short
1 10 2 0 -1 0 -22 300 8 430 0.745638315284 0.558861859798
2 sharpe_rank_long_short
1 10 2 0 -1 0 -22 300 9 431 0.839219906503 0.559711859798
3165 sharpe_rank_long_short
1 10 2 0 1 0 -22 10 5 432 0.00480824567449 0.290718442939
111 sharpe_rank_long_short
1 10 2 0 1 0 -22 10 7 433 -0.115949106324 0.305258776767
32 sharpe_rank_long_short
1 10 2 0 1 0 -22 10 8 434 0.297255220672 0.377871920196
14 sharpe_rank_long_short
1 10 2 0 1 0 -22 10 9 435 0.320714736601 0.395902423993
2138 sharpe_rank_long_short
1 10 2 0 1 0 -22 30 5 436 0.045433576162 0.373219121407
34 sharpe_rank_long_short
1 10 2 0 1 0 -22 30 7 437 0.144495960383 0.314537887949
13 sharpe_rank_long_short
1 10 2 0 1 0 -22 30 8 438 0.440495366569 0.447002961561
6 sharpe_rank_long_short
1 10 2 0 1 0 -22 30 9 439 0.814656736671 0.456342961561
1256 sharpe_rank_long_short
1 10 2 0 1 0 -22 90 5 440 -0.0771466966665 0.432676273976
8 sharpe_rank_long_short
1 10 2 0 1 0 -22 90 7 441 -0.108878924292 0.423252961561
4 sharpe_rank_long_short
1 10 2 0 1 0 -22 90 8 442 0.254159143623 0.431572961561
2 sharpe_rank_long_short
1 10 2 0 1 0 -22 90 9 443 0.69271084333 0.437772961561
426 sharpe_rank_long_short
1 10 2 0 1 0 -22 300 5 444 0.451264139842 0.498510470591
4 sharpe_rank_long_short
1 10 2 0 1 0 -22 300 7 445 0.150425264304 0.551701859798
3 sharpe_rank_long_short
1 10 2 0 1 0 -22 300 8 446 0.76266085256 0.559031859798
2 sharpe_rank_long_short
1 10 2 0 1 0 -22 300 9 447 0.66782608876 0.558181859798
3165 sharpe_rank_long_short
1 30 2 0 -1 0 -22 10 5 448 0.290005672208 0.390688442939
111 sharpe_rank_long_short
1 30 2 0 -1 0 -22 10 7 449 0.32047649975 0.352988776767
32 sharpe_rank_long_short
1 30 2 0 -1 0 -22 10 8 450 0.00473549342646 0.359061920196
14 sharpe_rank_long_short
1 30 2 0 -1 0 -22 10 9 451 0.376870393725 0.401392423993
2138 sharpe_rank_long_short
1 30 2 0 -1 0 -22 30 5 452 0.467413709325 0.485909121407
34 sharpe_rank_long_short
1 30 2 0 -1 0 -22 30 7 453 0.22067325045 0.333147887949
13 sharpe_rank_long_short
1 30 2 0 -1 0 -22 30 8 454 0.221398806365 0.417752961561
6 sharpe_rank_long_short
1 30 2 0 -1 0 -22 30 9 455 -0.195988898116 0.408412961561
1256 sharpe_rank_long_short
1 30 2 0 -1 0 -22 90 5 456 0.761594283998 0.507106273976
8 sharpe_rank_long_short
1 30 2 0 -1 0 -22 90 7 457 0.720256297225 0.441502961561
4 sharpe_rank_long_short
1 30 2 0 -1 0 -22 90 8 458 0.356832414847 0.433182961561
2 sharpe_rank_long_short
1 30 2 0 -1 0 -22 90 9 459 -0.0821775322257 0.426982961561
426 sharpe_rank_long_short
1 30 2 0 -1 0 -22 300 5 460 0.763274687928 0.536780470591
4 sharpe_rank_long_short
1 30 2 0 -1 0 -22 300 7 461 1.35355687097 0.566191859798
3 sharpe_rank_long_short
1 30 2 0 -1 0 -22 300 8 462 0.745638315284 0.558861859798
2 sharpe_rank_long_short
1 30 2 0 -1 0 -22 300 9 463 0.839219906503 0.559711859798
3165 sharpe_rank_long_short
1 30 2 0 1 0 -22 10 5 464 0.00480824567449 0.290718442939
111 sharpe_rank_long_short
1 30 2 0 1 0 -22 10 7 465 -0.115949106324 0.305258776767
32 sharpe_rank_long_short
1 30 2 0 1 0 -22 10 8 466 0.297255220672 0.377871920196
14 sharpe_rank_long_short
1 30 2 0 1 0 -22 10 9 467 0.320714736601 0.395902423993
2138 sharpe_rank_long_short
1 30 2 0 1 0 -22 30 5 468 0.045433576162 0.373219121407
34 sharpe_rank_long_short
1 30 2 0 1 0 -22 30 7 469 0.144495960383 0.314537887949
13 sharpe_rank_long_short
1 30 2 0 1 0 -22 30 8 470 0.440495366569 0.447002961561
6 sharpe_rank_long_short
1 30 2 0 1 0 -22 30 9 471 0.814656736671 0.456342961561
1256 sharpe_rank_long_short
1 30 2 0 1 0 -22 90 5 472 -0.0771466966665 0.432676273976
8 sharpe_rank_long_short
1 30 2 0 1 0 -22 90 7 473 -0.108878924292 0.423252961561
4 sharpe_rank_long_short
1 30 2 0 1 0 -22 90 8 474 0.254159143623 0.431572961561
2 sharpe_rank_long_short
1 30 2 0 1 0 -22 90 9 475 0.69271084333 0.437772961561
426 sharpe_rank_long_short
1 30 2 0 1 0 -22 300 5 476 0.451264139842 0.498510470591
4 sharpe_rank_long_short
1 30 2 0 1 0 -22 300 7 477 0.150425264304 0.551701859798
3 sharpe_rank_long_short
1 30 2 0 1 0 -22 300 8 478 0.76266085256 0.559031859798
2 sharpe_rank_long_short
1 30 2 0 1 0 -22 300 9 479 0.66782608876 0.558181859798
4315 sharpe_rank_long_short
2 5 2 0 -1 0 -22 10 5 480 0.433142913995 0.502568442939
301 sharpe_rank_long_short
2 5 2 0 -1 0 -22 10 7 481 0.300580543325 0.404748776767
90 sharpe_rank_long_short
2 5 2 0 -1 0 -22 10 8 482 0.338047816837 0.395901920196
26 sharpe_rank_long_short
2 5 2 0 -1 0 -22 10 9 483 0.319551853547 0.372936965384
2875 sharpe_rank_long_short
2 5 2 0 -1 0 -22 30 5 484 0.769653471359 0.576049121407
86 sharpe_rank_long_short
2 5 2 0 -1 0 -22 30 7 485 0.305613804836 0.385265268775
23 sharpe_rank_long_short
2 5 2 0 -1 0 -22 30 8 486 0.245058800106 0.337357887949
8 sharpe_rank_long_short
2 5 2 0 -1 0 -22 30 9 487 0.250730336731 0.414112961561
1633 sharpe_rank_long_short
2 5 2 0 -1 0 -22 90 5 488 0.782478927605 0.509834363816
14 sharpe_rank_long_short
2 5 2 0 -1 0 -22 90 7 489 0.910866807571 0.454192961561
5 sharpe_rank_long_short
2 5 2 0 -1 0 -22 90 8 490 0.775551376226 0.440522961561
3 sharpe_rank_long_short
2 5 2 0 -1 0 -22 90 9 491 0.437007606673 0.434322961561
567 sharpe_rank_long_short
2 5 2 0 -1 0 -22 300 5 492 0.721147388178 0.534880470591
6 sharpe_rank_long_short
2 5 2 0 -1 0 -22 300 7 493 0.992521094637 0.563461859798
4 sharpe_rank_long_short
2 5 2 0 -1 0 -22 300 8 494 1.35355687097 0.566191859798
3 sharpe_rank_long_short
2 5 2 0 -1 0 -22 300 9 495 1.46652150171 0.567041859798
4315 sharpe_rank_long_short
2 5 2 0 1 0 -22 10 5 496 -0.0749857765197 0.178838442939
301 sharpe_rank_long_short
2 5 2 0 1 0 -22 10 7 497 0.0678032840335 0.253498776767
90 sharpe_rank_long_short
2 5 2 0 1 0 -22 10 8 498 0.230197846865 0.341031920196
26 sharpe_rank_long_short
2 5 2 0 1 0 -22 10 9 499 0.25793708504 0.369206965384
2875 sharpe_rank_long_short
2 5 2 0 1 0 -22 30 5 500 -0.236154362907 0.283079121407
86 sharpe_rank_long_short
2 5 2 0 1 0 -22 30 7 501 0.0672476611539 0.312935268775
23 sharpe_rank_long_short
2 5 2 0 1 0 -22 30 8 502 0.0844149741419 0.310327887949
8 sharpe_rank_long_short
2 5 2 0 1 0 -22 30 9 503 0.436155026428 0.450642961561
1633 sharpe_rank_long_short
2 5 2 0 1 0 -22 90 5 504 -0.184411519032 0.361793623608
14 sharpe_rank_long_short
2 5 2 0 1 0 -22 90 7 505 -0.297254489664 0.410562961561
5 sharpe_rank_long_short
2 5 2 0 1 0 -22 90 8 506 -0.168419695643 0.424232961561
3 sharpe_rank_long_short
2 5 2 0 1 0 -22 90 9 507 0.172981917715 0.430432961561
567 sharpe_rank_long_short
2 5 2 0 1 0 -22 300 5 508 0.512101832805 0.500410470591
6 sharpe_rank_long_short
2 5 2 0 1 0 -22 300 7 509 0.516497016865 0.554431859798
4 sharpe_rank_long_short
2 5 2 0 1 0 -22 300 8 510 0.150425264304 0.551701859798
3 sharpe_rank_long_short
2 5 2 0 1 0 -22 300 9 511 0.0354858332454 0.550851859798
4315 sharpe_rank_long_short
2 10 2 0 -1 0 -22 10 5 512 0.433142913995 0.502568442939
301 sharpe_rank_long_short
2 10 2 0 -1 0 -22 10 7 513 0.300580543325 0.404748776767
90 sharpe_rank_long_short
2 10 2 0 -1 0 -22 10 8 514 0.338047816837 0.395901920196
26 sharpe_rank_long_short
2 10 2 0 -1 0 -22 10 9 515 0.319551853547 0.372936965384
2875 sharpe_rank_long_short
2 10 2 0 -1 0 -22 30 5 516 0.769653471359 0.576049121407
86 sharpe_rank_long_short
2 10 2 0 -1 0 -22 30 7 517 0.305613804836 0.385265268775
23 sharpe_rank_long_short
2 10 2 0 -1 0 -22 30 8 518 0.245058800106 0.337357887949
8 sharpe_rank_long_short
2 10 2 0 -1 0 -22 30 9 519 0.250730336731 0.414112961561
1633 sharpe_rank_long_short
2 10 2 0 -1 0 -22 90 5 520 0.782478927605 0.509834363816
14 sharpe_rank_long_short
2 10 2 0 -1 0 -22 90 7 521 0.910866807571 0.454192961561
5 sharpe_rank_long_short
2 10 2 0 -1 0 -22 90 8 522 0.775551376226 0.440522961561
3 sharpe_rank_long_short
2 10 2 0 -1 0 -22 90 9 523 0.437007606673 0.434322961561
