1392
1392 sharpe_rank_classic_buy_and_sell
30 30 2 0 -1 0 -1 30 9 3431 0.517287100987 0.552819121407
1777
1777 sharpe_rank_classic_buy_and_sell
30 30 2 0 -1 0 -1 90 5 3432 0.524181191364 0.534453623608
1257
1257 sharpe_rank_classic_buy_and_sell
30 30 2 0 -1 0 -1 90 7 3433 0.548775312486 0.542403623608
1125
1125 sharpe_rank_classic_buy_and_sell
30 30 2 0 -1 0 -1 90 8 3434 0.589994673802 0.558673623608
909
909 sharpe_rank_classic_buy_and_sell
30 30 2 0 -1 0 -1 90 9 3435 0.847552525095 0.665393623608
884
884 sharpe_rank_classic_buy_and_sell
30 30 2 0 -1 0 -1 300 5 3436 0.597549569962 0.48046277283
613
613 sharpe_rank_classic_buy_and_sell
30 30 2 0 -1 0 -1 300 7 3437 0.534548885207 0.48057277283
555
555 sharpe_rank_classic_buy_and_sell
30 30 2 0 -1 0 -1 300 8 3438 0.375842772748 0.43877277283
452
452 sharpe_rank_classic_buy_and_sell
30 30 2 0 -1 0 -1 300 9 3439 0.291264705859 0.41916277283
2873
2873 sharpe_rank_classic_buy_and_sell
30 30 2 0 1 0 -1 10 5 3440 0.321462157572 0.419098442939
1835
1835 sharpe_rank_classic_buy_and_sell
30 30 2 0 1 0 -1 10 7 3441 0.284113294718 0.396659002445
1303
1303 sharpe_rank_classic_buy_and_sell
30 30 2 0 1 0 -1 10 8 3442 0.201058320294 0.35221855804
701
701 sharpe_rank_classic_buy_and_sell
30 30 2 0 1 0 -1 10 9 3443 0.310585335721 0.388788442939
2953
2953 sharpe_rank_classic_buy_and_sell
30 30 2 0 1 0 -1 30 5 3444 0.479178248885 0.539639121407
1771
1771 sharpe_rank_classic_buy_and_sell
30 30 2 0 1 0 -1 30 7 3445 0.341513874698 0.442179121407
1264
1264 sharpe_rank_classic_buy_and_sell
30 30 2 0 1 0 -1 30 8 3446 0.38928014082 0.475959121407
688
688 sharpe_rank_classic_buy_and_sell
30 30 2 0 1 0 -1 30 9 3447 0.337409618171 0.451029121407
1817
1817 sharpe_rank_classic_buy_and_sell
30 30 2 0 1 0 -1 90 5 3448 0.288255417925 0.359422859701
1004
1004 sharpe_rank_classic_buy_and_sell
30 30 2 0 1 0 -1 90 7 3449 0.197168972409 0.363223623608
740
740 sharpe_rank_classic_buy_and_sell
30 30 2 0 1 0 -1 90 8 3450 0.035810953173 0.321183623608
423
423 sharpe_rank_classic_buy_and_sell
30 30 2 0 1 0 -1 90 9 3451 -0.163107199483 0.303473623608
887
887 sharpe_rank_classic_buy_and_sell
30 30 2 0 1 0 -1 300 5 3452 0.470229733004 0.41392277283
427
427 sharpe_rank_classic_buy_and_sell
30 30 2 0 1 0 -1 300 7 3453 0.469797282866 0.48234277283
279
279 sharpe_rank_classic_buy_and_sell
30 30 2 0 1 0 -1 300 8 3454 0.546054806284 0.49994277283
120
120 sharpe_rank_classic_buy_and_sell
30 30 2 0 1 0 -1 300 9 3455 0.342666217674 0.49110277283
135 bollinger
2 5 2 0 -1 0 2 10 5 3552 0.795910136598 0.407174931282
135 bollinger
2 5 2 0 -1 0 2 10 7 3553 0.795910136598 0.407174931282
135 bollinger
2 5 2 0 -1 0 2 10 8 3554 0.795910136598 0.407174931282
135 bollinger
2 5 2 0 -1 0 2 10 9 3555 0.795910136598 0.407174931282
135 bollinger
2 5 2 0 -1 0 2 30 5 3556 0.795910136598 0.407174931282
135 bollinger
2 5 2 0 -1 0 2 30 7 3557 0.795910136598 0.407174931282
135 bollinger
2 5 2 0 -1 0 2 30 8 3558 0.795910136598 0.407174931282
135 bollinger
2 5 2 0 -1 0 2 30 9 3559 0.795910136598 0.407174931282
135 bollinger
2 5 2 0 -1 0 2 90 5 3560 0.795910136598 0.407174931282
135 bollinger
2 5 2 0 -1 0 2 90 7 3561 0.795910136598 0.407174931282
135 bollinger
2 5 2 0 -1 0 2 90 8 3562 0.795910136598 0.407174931282
135 bollinger
2 5 2 0 -1 0 2 90 9 3563 0.795910136598 0.407174931282
135 bollinger
2 5 2 0 -1 0 2 300 5 3564 0.795910136598 0.407174931282
135 bollinger
2 5 2 0 -1 0 2 300 7 3565 0.795910136598 0.407174931282
135 bollinger
2 5 2 0 -1 0 2 300 8 3566 0.795910136598 0.407174931282
135 bollinger
2 5 2 0 -1 0 2 300 9 3567 0.795910136598 0.407174931282
287 bollinger
2 5 2 0 1 0 2 10 5 3568 0.834815657569 0.340003700204
287 bollinger
2 5 2 0 1 0 2 10 7 3569 0.834815657569 0.340003700204
287 bollinger
2 5 2 0 1 0 2 10 8 3570 0.834815657569 0.340003700204
287 bollinger
2 5 2 0 1 0 2 10 9 3571 0.834815657569 0.340003700204
287 bollinger
2 5 2 0 1 0 2 30 5 3572 0.834815657569 0.340003700204
287 bollinger
2 5 2 0 1 0 2 30 7 3573 0.834815657569 0.340003700204
287 bollinger
2 5 2 0 1 0 2 30 8 3574 0.834815657569 0.340003700204
287 bollinger
2 5 2 0 1 0 2 30 9 3575 0.834815657569 0.340003700204
287 bollinger
2 5 2 0 1 0 2 90 5 3576 0.834815657569 0.340003700204
287 bollinger
2 5 2 0 1 0 2 90 7 3577 0.834815657569 0.340003700204
287 bollinger
2 5 2 0 1 0 2 90 8 3578 0.834815657569 0.340003700204
287 bollinger
2 5 2 0 1 0 2 90 9 3579 0.834815657569 0.340003700204
287 bollinger
2 5 2 0 1 0 2 300 5 3580 0.834815657569 0.340003700204
287 bollinger
2 5 2 0 1 0 2 300 7 3581 0.834815657569 0.340003700204
287 bollinger
2 5 2 0 1 0 2 300 8 3582 0.834815657569 0.340003700204
287 bollinger
2 5 2 0 1 0 2 300 9 3583 0.834815657569 0.340003700204
135 bollinger
2 10 2 0 -1 0 2 10 5 3584 1.18098648849 0.422464931282
135 bollinger
2 10 2 0 -1 0 2 10 7 3585 1.18098648849 0.422464931282
135 bollinger
2 10 2 0 -1 0 2 10 8 3586 1.18098648849 0.422464931282
135 bollinger
2 10 2 0 -1 0 2 10 9 3587 1.18098648849 0.422464931282
135 bollinger
2 10 2 0 -1 0 2 30 5 3588 1.18098648849 0.422464931282
135 bollinger
2 10 2 0 -1 0 2 30 7 3589 1.18098648849 0.422464931282
135 bollinger
2 10 2 0 -1 0 2 30 8 3590 1.18098648849 0.422464931282
135 bollinger
2 10 2 0 -1 0 2 30 9 3591 1.18098648849 0.422464931282
135 bollinger
2 10 2 0 -1 0 2 90 5 3592 1.18098648849 0.422464931282
135 bollinger
2 10 2 0 -1 0 2 90 7 3593 1.18098648849 0.422464931282
135 bollinger
2 10 2 0 -1 0 2 90 8 3594 1.18098648849 0.422464931282
135 bollinger
2 10 2 0 -1 0 2 90 9 3595 1.18098648849 0.422464931282
135 bollinger
2 10 2 0 -1 0 2 300 5 3596 1.18098648849 0.422464931282
135 bollinger
2 10 2 0 -1 0 2 300 7 3597 1.18098648849 0.422464931282
135 bollinger
2 10 2 0 -1 0 2 300 8 3598 1.18098648849 0.422464931282
135 bollinger
2 10 2 0 -1 0 2 300 9 3599 1.18098648849 0.422464931282
287 bollinger
2 10 2 0 1 0 2 10 5 3600 0.77919475706 0.350403700204
287 bollinger
2 10 2 0 1 0 2 10 7 3601 0.77919475706 0.350403700204
287 bollinger
2 10 2 0 1 0 2 10 8 3602 0.77919475706 0.350403700204
287 bollinger
2 10 2 0 1 0 2 10 9 3603 0.77919475706 0.350403700204
287 bollinger
2 10 2 0 1 0 2 30 5 3604 0.77919475706 0.350403700204
287 bollinger
2 10 2 0 1 0 2 30 7 3605 0.77919475706 0.350403700204
287 bollinger
2 10 2 0 1 0 2 30 8 3606 0.77919475706 0.350403700204
287 bollinger
2 10 2 0 1 0 2 30 9 3607 0.77919475706 0.350403700204
287 bollinger
2 10 2 0 1 0 2 90 5 3608 0.77919475706 0.350403700204
287 bollinger
2 10 2 0 1 0 2 90 7 3609 0.77919475706 0.350403700204
287 bollinger
2 10 2 0 1 0 2 90 8 3610 0.77919475706 0.350403700204
287 bollinger
2 10 2 0 1 0 2 90 9 3611 0.77919475706 0.350403700204
287 bollinger
2 10 2 0 1 0 2 300 5 3612 0.77919475706 0.350403700204
287 bollinger
2 10 2 0 1 0 2 300 7 3613 0.77919475706 0.350403700204
287 bollinger
2 10 2 0 1 0 2 300 8 3614 0.77919475706 0.350403700204
287 bollinger
2 10 2 0 1 0 2 300 9 3615 0.77919475706 0.350403700204
135 bollinger
2 30 2 0 -1 0 2 10 5 3616 0.737246786617 0.428984931282
135 bollinger
2 30 2 0 -1 0 2 10 7 3617 0.737246786617 0.428984931282
135 bollinger
2 30 2 0 -1 0 2 10 8 3618 0.737246786617 0.428984931282
135 bollinger
2 30 2 0 -1 0 2 10 9 3619 0.737246786617 0.428984931282
135 bollinger
2 30 2 0 -1 0 2 30 5 3620 0.737246786617 0.428984931282
135 bollinger
2 30 2 0 -1 0 2 30 7 3621 0.737246786617 0.428984931282
135 bollinger
2 30 2 0 -1 0 2 30 8 3622 0.737246786617 0.428984931282
135 bollinger
2 30 2 0 -1 0 2 30 9 3623 0.737246786617 0.428984931282
135 bollinger
2 30 2 0 -1 0 2 90 5 3624 0.737246786617 0.428984931282
135 bollinger
2 30 2 0 -1 0 2 90 7 3625 0.737246786617 0.428984931282
135 bollinger
2 30 2 0 -1 0 2 90 8 3626 0.737246786617 0.428984931282
135 bollinger
2 30 2 0 -1 0 2 90 9 3627 0.737246786617 0.428984931282
135 bollinger
2 30 2 0 -1 0 2 300 5 3628 0.737246786617 0.428984931282
135 bollinger
2 30 2 0 -1 0 2 300 7 3629 0.737246786617 0.428984931282
135 bollinger
2 30 2 0 -1 0 2 300 8 3630 0.737246786617 0.428984931282
135 bollinger
2 30 2 0 -1 0 2 300 9 3631 0.737246786617 0.428984931282
287 bollinger
2 30 2 0 1 0 2 10 5 3632 0.377098987065 0.351533700204
287 bollinger
2 30 2 0 1 0 2 10 7 3633 0.377098987065 0.351533700204
287 bollinger
2 30 2 0 1 0 2 10 8 3634 0.377098987065 0.351533700204
287 bollinger
2 30 2 0 1 0 2 10 9 3635 0.377098987065 0.351533700204
287 bollinger
2 30 2 0 1 0 2 30 5 3636 0.377098987065 0.351533700204
287 bollinger
2 30 2 0 1 0 2 30 7 3637 0.377098987065 0.351533700204
287 bollinger
2 30 2 0 1 0 2 30 8 3638 0.377098987065 0.351533700204
287 bollinger
2 30 2 0 1 0 2 30 9 3639 0.377098987065 0.351533700204
287 bollinger
2 30 2 0 1 0 2 90 5 3640 0.377098987065 0.351533700204
287 bollinger
2 30 2 0 1 0 2 90 7 3641 0.377098987065 0.351533700204
287 bollinger
2 30 2 0 1 0 2 90 8 3642 0.377098987065 0.351533700204
287 bollinger
2 30 2 0 1 0 2 90 9 3643 0.377098987065 0.351533700204
287 bollinger
2 30 2 0 1 0 2 300 5 3644 0.377098987065 0.351533700204
287 bollinger
2 30 2 0 1 0 2 300 7 3645 0.377098987065 0.351533700204
287 bollinger
2 30 2 0 1 0 2 300 8 3646 0.377098987065 0.351533700204
287 bollinger
2 30 2 0 1 0 2 300 9 3647 0.377098987065 0.351533700204
264 bollinger
10 5 2 0 -1 0 2 10 5 3648 -0.0731632242294 0.335318442939
264 bollinger
10 5 2 0 -1 0 2 10 7 3649 -0.0731632242294 0.335318442939
264 bollinger
10 5 2 0 -1 0 2 10 8 3650 -0.0731632242294 0.335318442939
264 bollinger
10 5 2 0 -1 0 2 10 9 3651 -0.0731632242294 0.335318442939
264 bollinger
10 5 2 0 -1 0 2 30 5 3652 -0.0731632242294 0.335318442939
264 bollinger
10 5 2 0 -1 0 2 30 7 3653 -0.0731632242294 0.335318442939
264 bollinger
10 5 2 0 -1 0 2 30 8 3654 -0.0731632242294 0.335318442939
264 bollinger
10 5 2 0 -1 0 2 30 9 3655 -0.0731632242294 0.335318442939
264 bollinger
10 5 2 0 -1 0 2 90 5 3656 -0.0731632242294 0.335318442939
264 bollinger
10 5 2 0 -1 0 2 90 7 3657 -0.0731632242294 0.335318442939
264 bollinger
10 5 2 0 -1 0 2 90 8 3658 -0.0731632242294 0.335318442939
264 bollinger
10 5 2 0 -1 0 2 90 9 3659 -0.0731632242294 0.335318442939
264 bollinger
10 5 2 0 -1 0 2 300 5 3660 -0.0731632242294 0.335318442939
264 bollinger
10 5 2 0 -1 0 2 300 7 3661 -0.0731632242294 0.335318442939
264 bollinger
10 5 2 0 -1 0 2 300 8 3662 -0.0731632242294 0.335318442939
264 bollinger
10 5 2 0 -1 0 2 300 9 3663 -0.0731632242294 0.335318442939
264 bollinger
10 5 2 0 1 0 2 10 5 3664 -0.276910607447 0.328800783317
264 bollinger
10 5 2 0 1 0 2 10 7 3665 -0.276910607447 0.328800783317
264 bollinger
10 5 2 0 1 0 2 10 8 3666 -0.276910607447 0.328800783317
264 bollinger
10 5 2 0 1 0 2 10 9 3667 -0.276910607447 0.328800783317
264 bollinger
10 5 2 0 1 0 2 30 5 3668 -0.276910607447 0.328800783317
264 bollinger
10 5 2 0 1 0 2 30 7 3669 -0.276910607447 0.328800783317
264 bollinger
10 5 2 0 1 0 2 30 8 3670 -0.276910607447 0.328800783317
264 bollinger
10 5 2 0 1 0 2 30 9 3671 -0.276910607447 0.328800783317
264 bollinger
10 5 2 0 1 0 2 90 5 3672 -0.276910607447 0.328800783317
264 bollinger
10 5 2 0 1 0 2 90 7 3673 -0.276910607447 0.328800783317
264 bollinger
10 5 2 0 1 0 2 90 8 3674 -0.276910607447 0.328800783317
264 bollinger
10 5 2 0 1 0 2 90 9 3675 -0.276910607447 0.328800783317
264 bollinger
10 5 2 0 1 0 2 300 5 3676 -0.276910607447 0.328800783317
264 bollinger
10 5 2 0 1 0 2 300 7 3677 -0.276910607447 0.328800783317
264 bollinger
10 5 2 0 1 0 2 300 8 3678 -0.276910607447 0.328800783317
264 bollinger
10 5 2 0 1 0 2 300 9 3679 -0.276910607447 0.328800783317
264 bollinger
10 10 2 0 -1 0 2 10 5 3680 0.00361067176683 0.335998442939
264 bollinger
10 10 2 0 -1 0 2 10 7 3681 0.00361067176683 0.335998442939
264 bollinger
10 10 2 0 -1 0 2 10 8 3682 0.00361067176683 0.335998442939
264 bollinger
10 10 2 0 -1 0 2 10 9 3683 0.00361067176683 0.335998442939
264 bollinger
10 10 2 0 -1 0 2 30 5 3684 0.00361067176683 0.335998442939
264 bollinger
10 10 2 0 -1 0 2 30 7 3685 0.00361067176683 0.335998442939
264 bollinger
10 10 2 0 -1 0 2 30 8 3686 0.00361067176683 0.335998442939
264 bollinger
10 10 2 0 -1 0 2 30 9 3687 0.00361067176683 0.335998442939
264 bollinger
10 10 2 0 -1 0 2 90 5 3688 0.00361067176683 0.335998442939
264 bollinger
10 10 2 0 -1 0 2 90 7 3689 0.00361067176683 0.335998442939
264 bollinger
10 10 2 0 -1 0 2 90 8 3690 0.00361067176683 0.335998442939
264 bollinger
10 10 2 0 -1 0 2 90 9 3691 0.00361067176683 0.335998442939
264 bollinger
10 10 2 0 -1 0 2 300 5 3692 0.00361067176683 0.335998442939
264 bollinger
10 10 2 0 -1 0 2 300 7 3693 0.00361067176683 0.335998442939
264 bollinger
10 10 2 0 -1 0 2 300 8 3694 0.00361067176683 0.335998442939
264 bollinger
10 10 2 0 -1 0 2 300 9 3695 0.00361067176683 0.335998442939
264 bollinger
10 10 2 0 1 0 2 10 5 3696 -0.0614825182922 0.332070783317
264 bollinger
10 10 2 0 1 0 2 10 7 3697 -0.0614825182922 0.332070783317
264 bollinger
10 10 2 0 1 0 2 10 8 3698 -0.0614825182922 0.332070783317
264 bollinger
10 10 2 0 1 0 2 10 9 3699 -0.0614825182922 0.332070783317
264 bollinger
10 10 2 0 1 0 2 30 5 3700 -0.0614825182922 0.332070783317
264 bollinger
10 10 2 0 1 0 2 30 7 3701 -0.0614825182922 0.332070783317
264 bollinger
10 10 2 0 1 0 2 30 8 3702 -0.0614825182922 0.332070783317
264 bollinger
10 10 2 0 1 0 2 30 9 3703 -0.0614825182922 0.332070783317
264 bollinger
10 10 2 0 1 0 2 90 5 3704 -0.0614825182922 0.332070783317
264 bollinger
10 10 2 0 1 0 2 90 7 3705 -0.0614825182922 0.332070783317
264 bollinger
10 10 2 0 1 0 2 90 8 3706 -0.0614825182922 0.332070783317
264 bollinger
10 10 2 0 1 0 2 90 9 3707 -0.0614825182922 0.332070783317
264 bollinger
10 10 2 0 1 0 2 300 5 3708 -0.0614825182922 0.332070783317
264 bollinger
10 10 2 0 1 0 2 300 7 3709 -0.0614825182922 0.332070783317
264 bollinger
10 10 2 0 1 0 2 300 8 3710 -0.0614825182922 0.332070783317
264 bollinger
10 10 2 0 1 0 2 300 9 3711 -0.0614825182922 0.332070783317
264 bollinger
10 30 2 0 -1 0 2 10 5 3712 -0.337382836016 0.289998442939
264 bollinger
10 30 2 0 -1 0 2 10 7 3713 -0.337382836016 0.289998442939
264 bollinger
10 30 2 0 -1 0 2 10 8 3714 -0.337382836016 0.289998442939
264 bollinger
10 30 2 0 -1 0 2 10 9 3715 -0.337382836016 0.289998442939
264 bollinger
10 30 2 0 -1 0 2 30 5 3716 -0.337382836016 0.289998442939
264 bollinger
10 30 2 0 -1 0 2 30 7 3717 -0.337382836016 0.289998442939
264 bollinger
10 30 2 0 -1 0 2 30 8 3718 -0.337382836016 0.289998442939
264 bollinger
10 30 2 0 -1 0 2 30 9 3719 -0.337382836016 0.289998442939
264 bollinger
10 30 2 0 -1 0 2 90 5 3720 -0.337382836016 0.289998442939
264 bollinger
10 30 2 0 -1 0 2 90 7 3721 -0.337382836016 0.289998442939
264 bollinger
10 30 2 0 -1 0 2 90 8 3722 -0.337382836016 0.289998442939
264 bollinger
10 30 2 0 -1 0 2 90 9 3723 -0.337382836016 0.289998442939
264 bollinger
10 30 2 0 -1 0 2 300 5 3724 -0.337382836016 0.289998442939
264 bollinger
10 30 2 0 -1 0 2 300 7 3725 -0.337382836016 0.289998442939
264 bollinger
10 30 2 0 -1 0 2 300 8 3726 -0.337382836016 0.289998442939
264 bollinger
10 30 2 0 -1 0 2 300 9 3727 -0.337382836016 0.289998442939
264 bollinger
10 30 2 0 1 0 2 10 5 3728 -0.30269998578 0.293330783317
264 bollinger
10 30 2 0 1 0 2 10 7 3729 -0.30269998578 0.293330783317
264 bollinger
10 30 2 0 1 0 2 10 8 3730 -0.30269998578 0.293330783317
264 bollinger
10 30 2 0 1 0 2 10 9 3731 -0.30269998578 0.293330783317
264 bollinger
10 30 2 0 1 0 2 30 5 3732 -0.30269998578 0.293330783317
264 bollinger
10 30 2 0 1 0 2 30 7 3733 -0.30269998578 0.293330783317
264 bollinger
10 30 2 0 1 0 2 30 8 3734 -0.30269998578 0.293330783317
264 bollinger
10 30 2 0 1 0 2 30 9 3735 -0.30269998578 0.293330783317
264 bollinger
10 30 2 0 1 0 2 90 5 3736 -0.30269998578 0.293330783317
264 bollinger
10 30 2 0 1 0 2 90 7 3737 -0.30269998578 0.293330783317
264 bollinger
10 30 2 0 1 0 2 90 8 3738 -0.30269998578 0.293330783317
264 bollinger
10 30 2 0 1 0 2 90 9 3739 -0.30269998578 0.293330783317
264 bollinger
10 30 2 0 1 0 2 300 5 3740 -0.30269998578 0.293330783317
264 bollinger
10 30 2 0 1 0 2 300 7 3741 -0.30269998578 0.293330783317
264 bollinger
10 30 2 0 1 0 2 300 8 3742 -0.30269998578 0.293330783317
264 bollinger
10 30 2 0 1 0 2 300 9 3743 -0.30269998578 0.293330783317
218 bollinger
30 5 2 0 -1 0 2 10 5 3744 0.346106632162 0.422084010459
218 bollinger
30 5 2 0 -1 0 2 10 7 3745 0.346106632162 0.422084010459
218 bollinger
30 5 2 0 -1 0 2 10 8 3746 0.346106632162 0.422084010459
218 bollinger
30 5 2 0 -1 0 2 10 9 3747 0.346106632162 0.422084010459
218 bollinger
30 5 2 0 -1 0 2 30 5 3748 0.346106632162 0.422084010459
218 bollinger
30 5 2 0 -1 0 2 30 7 3749 0.346106632162 0.422084010459
218 bollinger
30 5 2 0 -1 0 2 30 8 3750 0.346106632162 0.422084010459
218 bollinger
30 5 2 0 -1 0 2 30 9 3751 0.346106632162 0.422084010459
218 bollinger
30 5 2 0 -1 0 2 90 5 3752 0.346106632162 0.422084010459
218 bollinger
30 5 2 0 -1 0 2 90 7 3753 0.346106632162 0.422084010459
218 bollinger
30 5 2 0 -1 0 2 90 8 3754 0.346106632162 0.422084010459
218 bollinger
30 5 2 0 -1 0 2 90 9 3755 0.346106632162 0.422084010459
218 bollinger
30 5 2 0 -1 0 2 300 5 3756 0.346106632162 0.422084010459
218 bollinger
30 5 2 0 -1 0 2 300 7 3757 0.346106632162 0.422084010459
218 bollinger
30 5 2 0 -1 0 2 300 8 3758 0.346106632162 0.422084010459
218 bollinger
30 5 2 0 -1 0 2 300 9 3759 0.346106632162 0.422084010459
218 bollinger
30 5 2 0 1 0 2 10 5 3760 -0.073169423026 0.444984705812
218 bollinger
30 5 2 0 1 0 2 10 7 3761 -0.073169423026 0.444984705812
218 bollinger
30 5 2 0 1 0 2 10 8 3762 -0.073169423026 0.444984705812
218 bollinger
30 5 2 0 1 0 2 10 9 3763 -0.073169423026 0.444984705812
218 bollinger
30 5 2 0 1 0 2 30 5 3764 -0.073169423026 0.444984705812
218 bollinger
30 5 2 0 1 0 2 30 7 3765 -0.073169423026 0.444984705812
218 bollinger
30 5 2 0 1 0 2 30 8 3766 -0.073169423026 0.444984705812
218 bollinger
30 5 2 0 1 0 2 30 9 3767 -0.073169423026 0.444984705812
218 bollinger
30 5 2 0 1 0 2 90 5 3768 -0.073169423026 0.444984705812
218 bollinger
30 5 2 0 1 0 2 90 7 3769 -0.073169423026 0.444984705812
218 bollinger
30 5 2 0 1 0 2 90 8 3770 -0.073169423026 0.444984705812
218 bollinger
30 5 2 0 1 0 2 90 9 3771 -0.073169423026 0.444984705812
218 bollinger
30 5 2 0 1 0 2 300 5 3772 -0.073169423026 0.444984705812
218 bollinger
30 5 2 0 1 0 2 300 7 3773 -0.073169423026 0.444984705812
218 bollinger
30 5 2 0 1 0 2 300 8 3774 -0.073169423026 0.444984705812
218 bollinger
30 5 2 0 1 0 2 300 9 3775 -0.073169423026 0.444984705812
218 bollinger
30 10 2 0 -1 0 2 10 5 3776 0.158444968583 0.478892653925
218 bollinger
30 10 2 0 -1 0 2 10 7 3777 0.158444968583 0.478892653925
218 bollinger
30 10 2 0 -1 0 2 10 8 3778 0.158444968583 0.478892653925
218 bollinger
30 10 2 0 -1 0 2 10 9 3779 0.158444968583 0.478892653925
218 bollinger
30 10 2 0 -1 0 2 30 5 3780 0.158444968583 0.478892653925
218 bollinger
30 10 2 0 -1 0 2 30 7 3781 0.158444968583 0.478892653925
218 bollinger
30 10 2 0 -1 0 2 30 8 3782 0.158444968583 0.478892653925
218 bollinger
30 10 2 0 -1 0 2 30 9 3783 0.158444968583 0.478892653925
218 bollinger
30 10 2 0 -1 0 2 90 5 3784 0.158444968583 0.478892653925
218 bollinger
30 10 2 0 -1 0 2 90 7 3785 0.158444968583 0.478892653925
218 bollinger
30 10 2 0 -1 0 2 90 8 3786 0.158444968583 0.478892653925
218 bollinger
30 10 2 0 -1 0 2 90 9 3787 0.158444968583 0.478892653925
218 bollinger
30 10 2 0 -1 0 2 300 5 3788 0.158444968583 0.478892653925
218 bollinger
30 10 2 0 -1 0 2 300 7 3789 0.158444968583 0.478892653925
218 bollinger
30 10 2 0 -1 0 2 300 8 3790 0.158444968583 0.478892653925
218 bollinger
30 10 2 0 -1 0 2 300 9 3791 0.158444968583 0.478892653925
218 bollinger
30 10 2 0 1 0 2 10 5 3792 -0.669261123139 0.448562271485
218 bollinger
30 10 2 0 1 0 2 10 7 3793 -0.669261123139 0.448562271485
218 bollinger
30 10 2 0 1 0 2 10 8 3794 -0.669261123139 0.448562271485
218 bollinger
30 10 2 0 1 0 2 10 9 3795 -0.669261123139 0.448562271485
218 bollinger
30 10 2 0 1 0 2 30 5 3796 -0.669261123139 0.448562271485
218 bollinger
30 10 2 0 1 0 2 30 7 3797 -0.669261123139 0.448562271485
218 bollinger
30 10 2 0 1 0 2 30 8 3798 -0.669261123139 0.448562271485
218 bollinger
30 10 2 0 1 0 2 30 9 3799 -0.669261123139 0.448562271485
218 bollinger
30 10 2 0 1 0 2 90 5 3800 -0.669261123139 0.448562271485
218 bollinger
30 10 2 0 1 0 2 90 7 3801 -0.669261123139 0.448562271485
218 bollinger
30 10 2 0 1 0 2 90 8 3802 -0.669261123139 0.448562271485
218 bollinger
30 10 2 0 1 0 2 90 9 3803 -0.669261123139 0.448562271485
218 bollinger
30 10 2 0 1 0 2 300 5 3804 -0.669261123139 0.448562271485
218 bollinger
30 10 2 0 1 0 2 300 7 3805 -0.669261123139 0.448562271485
218 bollinger
30 10 2 0 1 0 2 300 8 3806 -0.669261123139 0.448562271485
218 bollinger
30 10 2 0 1 0 2 300 9 3807 -0.669261123139 0.448562271485
218 bollinger
30 30 2 0 -1 0 2 10 5 3808 -0.0679289660134 0.399112436033
218 bollinger
30 30 2 0 -1 0 2 10 7 3809 -0.0679289660134 0.399112436033
218 bollinger
30 30 2 0 -1 0 2 10 8 3810 -0.0679289660134 0.399112436033
218 bollinger
30 30 2 0 -1 0 2 10 9 3811 -0.0679289660134 0.399112436033
218 bollinger
30 30 2 0 -1 0 2 30 5 3812 -0.0679289660134 0.399112436033
218 bollinger
30 30 2 0 -1 0 2 30 7 3813 -0.0679289660134 0.399112436033
218 bollinger
30 30 2 0 -1 0 2 30 8 3814 -0.0679289660134 0.399112436033
218 bollinger
30 30 2 0 -1 0 2 30 9 3815 -0.0679289660134 0.399112436033
218 bollinger
30 30 2 0 -1 0 2 90 5 3816 -0.0679289660134 0.399112436033
218 bollinger
30 30 2 0 -1 0 2 90 7 3817 -0.0679289660134 0.399112436033
218 bollinger
30 30 2 0 -1 0 2 90 8 3818 -0.0679289660134 0.399112436033
218 bollinger
30 30 2 0 -1 0 2 90 9 3819 -0.0679289660134 0.399112436033
218 bollinger
30 30 2 0 -1 0 2 300 5 3820 -0.0679289660134 0.399112436033
218 bollinger
30 30 2 0 -1 0 2 300 7 3821 -0.0679289660134 0.399112436033
218 bollinger
30 30 2 0 -1 0 2 300 8 3822 -0.0679289660134 0.399112436033
218 bollinger
30 30 2 0 -1 0 2 300 9 3823 -0.0679289660134 0.399112436033
218 bollinger
30 30 2 0 1 0 2 10 5 3824 -0.0737709149461 0.420447603709
218 bollinger
30 30 2 0 1 0 2 10 7 3825 -0.0737709149461 0.420447603709
218 bollinger
30 30 2 0 1 0 2 10 8 3826 -0.0737709149461 0.420447603709
218 bollinger
30 30 2 0 1 0 2 10 9 3827 -0.0737709149461 0.420447603709
218 bollinger
30 30 2 0 1 0 2 30 5 3828 -0.0737709149461 0.420447603709
218 bollinger
30 30 2 0 1 0 2 30 7 3829 -0.0737709149461 0.420447603709
218 bollinger
30 30 2 0 1 0 2 30 8 3830 -0.0737709149461 0.420447603709
218 bollinger
30 30 2 0 1 0 2 30 9 3831 -0.0737709149461 0.420447603709
218 bollinger
30 30 2 0 1 0 2 90 5 3832 -0.0737709149461 0.420447603709
218 bollinger
30 30 2 0 1 0 2 90 7 3833 -0.0737709149461 0.420447603709
218 bollinger
30 30 2 0 1 0 2 90 8 3834 -0.0737709149461 0.420447603709
218 bollinger
30 30 2 0 1 0 2 90 9 3835 -0.0737709149461 0.420447603709
218 bollinger
30 30 2 0 1 0 2 300 5 3836 -0.0737709149461 0.420447603709
218 bollinger
30 30 2 0 1 0 2 300 7 3837 -0.0737709149461 0.420447603709
218 bollinger
30 30 2 0 1 0 2 300 8 3838 -0.0737709149461 0.420447603709
218 bollinger
30 30 2 0 1 0 2 300 9 3839 -0.0737709149461 0.420447603709
