counter is 1
1 5 0 0 -1 0 -4 10 7 1 1.97042906089 0.774825323938
counter is 2
1 5 0 0 -1 0 -4 10 8 2 1.97042906089 0.774825323938
counter is 3
1 5 0 0 -1 0 -4 10 9 3 1.97042906089 0.774825323938
counter is 4
1 5 0 0 -1 0 -4 30 5 4 -0.684213489739 -1.26081467606
counter is 5
1 5 0 0 -1 0 -4 30 7 5 -0.684213489739 -1.26081467606
counter is 6
1 5 0 0 -1 0 -4 30 8 6 -0.684213489739 -1.26081467606
counter is 7
1 5 0 0 -1 0 -4 30 9 7 -0.684213489739 -1.26081467606
counter is 8
1 5 0 0 -1 0 -4 90 5 8 0.911823876015 -1.27508518055
counter is 9
1 5 0 0 -1 0 -4 90 7 9 0.911823876015 -1.27508518055
counter is 10
1 5 0 0 -1 0 -4 90 8 10 0.911823876015 -1.27508518055
counter is 11
1 5 0 0 -1 0 -4 90 9 11 0.911823876015 -1.27508518055
counter is 12
1 5 0 0 -1 0 -4 300 5 12 1.24405932803 -0.734947286189
counter is 13
1 5 0 0 -1 0 -4 300 7 13 1.24405932803 -0.734947286189
counter is 14
1 5 0 0 -1 0 -4 300 8 14 1.24405932803 -0.734947286189
counter is 15
1 5 0 0 -1 0 -4 300 9 15 1.24405932803 -0.734947286189
counter is 16
1 5 0 0 1 0 -4 10 5 16 0.0765226359623 -1.32837691903
counter is 17
1 5 0 0 1 0 -4 10 7 17 0.0765226359623 -1.32837691903
counter is 18
1 5 0 0 1 0 -4 10 8 18 0.0765226359623 -1.32837691903
counter is 19
1 5 0 0 1 0 -4 10 9 19 0.0765226359623 -1.32837691903
counter is 20
1 5 0 0 1 0 -4 30 5 20 -0.684213489739 -1.26081467606
counter is 21
1 5 0 0 1 0 -4 30 7 21 -0.684213489739 -1.26081467606
counter is 22
1 5 0 0 1 0 -4 30 8 22 -0.684213489739 -1.26081467606
counter is 23
1 5 0 0 1 0 -4 30 9 23 -0.684213489739 -1.26081467606
counter is 24
1 5 0 0 1 0 -4 90 5 24 0.911823876015 -1.27508518055
counter is 25
1 5 0 0 1 0 -4 90 7 25 0.911823876015 -1.27508518055
counter is 26
1 5 0 0 1 0 -4 90 8 26 0.911823876015 -1.27508518055
counter is 27
1 5 0 0 1 0 -4 90 9 27 0.911823876015 -1.27508518055
counter is 28
1 5 0 0 1 0 -4 300 5 28 1.24405932803 -0.734947286189
counter is 29
1 5 0 0 1 0 -4 300 7 29 1.24405932803 -0.734947286189
counter is 30
1 5 0 0 1 0 -4 300 8 30 1.24405932803 -0.734947286189
counter is 31
1 5 0 0 1 0 -4 300 9 31 1.24405932803 -0.734947286189
counter is 32
1 10 0 0 -1 0 -4 10 5 32 0.0765226359623 -1.32837691903
counter is 33
1 10 0 0 -1 0 -4 10 7 33 0.0765226359623 -1.32837691903
counter is 34
1 10 0 0 -1 0 -4 10 8 34 0.0765226359623 -1.32837691903
counter is 35
1 10 0 0 -1 0 -4 10 9 35 0.0765226359623 -1.32837691903
counter is 36
1 10 0 0 -1 0 -4 30 5 36 -0.684213489739 -1.26081467606
counter is 37
1 10 0 0 -1 0 -4 30 7 37 -0.684213489739 -1.26081467606
counter is 38
1 10 0 0 -1 0 -4 30 8 38 -0.684213489739 -1.26081467606
counter is 39
1 10 0 0 -1 0 -4 30 9 39 -0.684213489739 -1.26081467606
counter is 40
1 10 0 0 -1 0 -4 90 5 40 0.911823876015 -1.27508518055
counter is 41
1 10 0 0 -1 0 -4 90 7 41 0.911823876015 -1.27508518055
counter is 42
1 10 0 0 -1 0 -4 90 8 42 0.911823876015 -1.27508518055
counter is 43
1 10 0 0 -1 0 -4 90 9 43 0.911823876015 -1.27508518055
counter is 44
1 10 0 0 -1 0 -4 300 5 44 1.24405932803 -0.734947286189
counter is 45
1 10 0 0 -1 0 -4 300 7 45 1.24405932803 -0.734947286189
counter is 46
1 10 0 0 -1 0 -4 300 8 46 1.24405932803 -0.734947286189
counter is 47
1 10 0 0 -1 0 -4 300 9 47 1.24405932803 -0.734947286189
counter is 48
1 10 0 0 1 0 -4 10 5 48 0.0765226359623 -1.32837691903
counter is 49
1 10 0 0 1 0 -4 10 7 49 0.0765226359623 -1.32837691903
counter is 50
1 10 0 0 1 0 -4 10 8 50 0.0765226359623 -1.32837691903
counter is 51
1 10 0 0 1 0 -4 10 9 51 0.0765226359623 -1.32837691903
counter is 52
1 10 0 0 1 0 -4 30 5 52 -0.684213489739 -1.26081467606
counter is 53
1 10 0 0 1 0 -4 30 7 53 -0.684213489739 -1.26081467606
counter is 54
1 10 0 0 1 0 -4 30 8 54 -0.684213489739 -1.26081467606
counter is 55
1 10 0 0 1 0 -4 30 9 55 -0.684213489739 -1.26081467606
counter is 56
1 10 0 0 1 0 -4 90 5 56 0.911823876015 -1.27508518055
counter is 57
1 10 0 0 1 0 -4 90 7 57 0.911823876015 -1.27508518055
counter is 58
1 10 0 0 1 0 -4 90 8 58 0.911823876015 -1.27508518055
counter is 59
1 10 0 0 1 0 -4 90 9 59 0.911823876015 -1.27508518055
counter is 60
1 10 0 0 1 0 -4 300 5 60 1.24405932803 -0.734947286189
counter is 61
1 10 0 0 1 0 -4 300 7 61 1.24405932803 -0.734947286189
counter is 62
1 10 0 0 1 0 -4 300 8 62 1.24405932803 -0.734947286189
counter is 63
1 10 0 0 1 0 -4 300 9 63 1.24405932803 -0.734947286189
counter is 64
1 30 0 0 -1 0 -4 10 5 64 0.0765226359623 -1.32837691903
counter is 65
1 30 0 0 -1 0 -4 10 7 65 0.0765226359623 -1.32837691903
counter is 66
1 30 0 0 -1 0 -4 10 8 66 0.0765226359623 -1.32837691903
counter is 67
1 30 0 0 -1 0 -4 10 9 67 0.0765226359623 -1.32837691903
counter is 68
1 30 0 0 -1 0 -4 30 5 68 -0.684213489739 -1.26081467606
counter is 69
1 30 0 0 -1 0 -4 30 7 69 -0.684213489739 -1.26081467606
counter is 70
1 30 0 0 -1 0 -4 30 8 70 -0.684213489739 -1.26081467606
counter is 71
1 30 0 0 -1 0 -4 30 9 71 -0.684213489739 -1.26081467606
counter is 72
1 30 0 0 -1 0 -4 90 5 72 0.911823876015 -1.27508518055
counter is 73
1 30 0 0 -1 0 -4 90 7 73 0.911823876015 -1.27508518055
counter is 74
1 30 0 0 -1 0 -4 90 8 74 0.911823876015 -1.27508518055
counter is 75
1 30 0 0 -1 0 -4 90 9 75 0.911823876015 -1.27508518055
counter is 76
1 30 0 0 -1 0 -4 300 5 76 1.24405932803 -0.734947286189
counter is 77
1 30 0 0 -1 0 -4 300 7 77 1.24405932803 -0.734947286189
counter is 78
1 30 0 0 -1 0 -4 300 8 78 1.24405932803 -0.734947286189
counter is 79
1 30 0 0 -1 0 -4 300 9 79 1.24405932803 -0.734947286189
counter is 80
1 30 0 0 1 0 -4 10 5 80 0.0765226359623 -1.32837691903
counter is 81
1 30 0 0 1 0 -4 10 7 81 0.0765226359623 -1.32837691903
counter is 82
1 30 0 0 1 0 -4 10 8 82 0.0765226359623 -1.32837691903
counter is 83
1 30 0 0 1 0 -4 10 9 83 0.0765226359623 -1.32837691903
counter is 84
1 30 0 0 1 0 -4 30 5 84 -0.684213489739 -1.26081467606
counter is 85
1 30 0 0 1 0 -4 30 7 85 -0.684213489739 -1.26081467606
counter is 86
1 30 0 0 1 0 -4 30 8 86 -0.684213489739 -1.26081467606
counter is 87
1 30 0 0 1 0 -4 30 9 87 -0.684213489739 -1.26081467606
counter is 88
1 30 0 0 1 0 -4 90 5 88 0.911823876015 -1.27508518055
counter is 89
1 30 0 0 1 0 -4 90 7 89 0.911823876015 -1.27508518055
counter is 90
1 30 0 0 1 0 -4 90 8 90 0.911823876015 -1.27508518055
counter is 91
1 30 0 0 1 0 -4 90 9 91 0.911823876015 -1.27508518055
counter is 92
1 30 0 0 1 0 -4 300 5 92 1.24405932803 -0.734947286189
counter is 93
1 30 0 0 1 0 -4 300 7 93 1.24405932803 -0.734947286189
counter is 94
1 30 0 0 1 0 -4 300 8 94 1.24405932803 -0.734947286189
counter is 95
1 30 0 0 1 0 -4 300 9 95 1.24405932803 -0.734947286189
counter is 96
2 5 0 0 -1 0 -4 10 5 96 0.542335240985 -0.36027691903
counter is 97
2 5 0 0 -1 0 -4 10 7 97 0.0198828033534 0.18463308097
counter is 98
2 5 0 0 -1 0 -4 10 8 98 0.365727439387 0.290790428687
counter is 99
2 5 0 0 -1 0 -4 10 9 99 0.678791260162 0.50491376751
counter is 100
2 5 0 0 -1 0 -4 30 5 100 0.42907730477 -0.482324676062
counter is 101
2 5 0 0 -1 0 -4 30 7 101 0.258538954442 0.232765323938
counter is 102
2 5 0 0 -1 0 -4 30 8 102 0.411664257822 0.301384569719
counter is 103
2 5 0 0 -1 0 -4 30 9 103 0.678791260162 0.50491376751
counter is 104
2 5 0 0 -1 0 -4 90 5 104 0.340052876194 -0.948855180548
counter is 105
2 5 0 0 -1 0 -4 90 7 105 0.87909097099 0.0720234571481
counter is 106
2 5 0 0 -1 0 -4 90 8 106 0.510304325752 0.318774208522
counter is 107
2 5 0 0 -1 0 -4 90 9 107 0.678791260162 0.50491376751
counter is 108
2 5 0 0 -1 0 -4 300 5 108 0.313248448455 -1.28012728619
counter is 109
2 5 0 0 -1 0 -4 300 7 109 0.61529653625 0.0222654546421
counter is 110
2 5 0 0 -1 0 -4 300 8 110 0.631877869609 0.315487709262
counter is 111
2 5 0 0 -1 0 -4 300 9 111 0.678791260162 0.50491376751
counter is 112
2 5 0 0 1 0 -4 10 5 112 -0.570844707762 -0.45922691903
counter is 113
2 5 0 0 1 0 -4 10 7 113 -0.183251922659 0.16563308097
counter is 114
2 5 0 0 1 0 -4 10 8 114 0.319876524305 0.239074757235
counter is 115
2 5 0 0 1 0 -4 10 9 115 0.43690453614 0.423029183618
counter is 116
2 5 0 0 1 0 -4 30 5 116 0.132503703213 -0.574934676062
counter is 117
2 5 0 0 1 0 -4 30 7 117 -0.0313287559324 0.237510349872
counter is 118
2 5 0 0 1 0 -4 30 8 118 0.398650001815 0.286124569719
counter is 119
2 5 0 0 1 0 -4 30 9 119 0.43690453614 0.423029183618
counter is 120
2 5 0 0 1 0 -4 90 5 120 -0.0613902031392 -1.04285518055
counter is 121
2 5 0 0 1 0 -4 90 7 121 0.421426999205 0.0904634571481
counter is 122
2 5 0 0 1 0 -4 90 8 122 0.49394505807 0.3045671274
counter is 123
2 5 0 0 1 0 -4 90 9 123 0.43690453614 0.423029183618
counter is 124
2 5 0 0 1 0 -4 300 5 124 1.5148213973 -1.36434728619
counter is 125
2 5 0 0 1 0 -4 300 7 125 0.0927919563942 0.0318227138115
counter is 126
2 5 0 0 1 0 -4 300 8 126 0.639088082007 0.295244905831
counter is 127
2 5 0 0 1 0 -4 300 9 127 0.43690453614 0.423029183618
counter is 128
2 10 0 0 -1 0 -4 10 5 128 0.542335240985 -0.36027691903
counter is 129
2 10 0 0 -1 0 -4 10 7 129 0.0198828033534 0.18463308097
counter is 130
2 10 0 0 -1 0 -4 10 8 130 0.365727439387 0.290790428687
counter is 131
2 10 0 0 -1 0 -4 10 9 131 0.678791260162 0.50491376751
counter is 132
2 10 0 0 -1 0 -4 30 5 132 0.42907730477 -0.482324676062
counter is 133
2 10 0 0 -1 0 -4 30 7 133 0.258538954442 0.232765323938
counter is 134
2 10 0 0 -1 0 -4 30 8 134 0.411664257822 0.301384569719
counter is 135
2 10 0 0 -1 0 -4 30 9 135 0.678791260162 0.50491376751
counter is 136
2 10 0 0 -1 0 -4 90 5 136 0.340052876194 -0.948855180548
counter is 137
2 10 0 0 -1 0 -4 90 7 137 0.87909097099 0.0720234571481
counter is 138
2 10 0 0 -1 0 -4 90 8 138 0.510304325752 0.318774208522
counter is 139
2 10 0 0 -1 0 -4 90 9 139 0.678791260162 0.50491376751
counter is 140
2 10 0 0 -1 0 -4 300 5 140 0.313248448455 -1.28012728619
counter is 141
2 10 0 0 -1 0 -4 300 7 141 0.61529653625 0.0222654546421
counter is 142
2 10 0 0 -1 0 -4 300 8 142 0.631877869609 0.315487709262
counter is 143
2 10 0 0 -1 0 -4 300 9 143 0.678791260162 0.50491376751
counter is 144
2 10 0 0 1 0 -4 10 5 144 -0.570844707762 -0.45922691903
counter is 145
2 10 0 0 1 0 -4 10 7 145 -0.183251922659 0.16563308097
counter is 146
2 10 0 0 1 0 -4 10 8 146 0.319876524305 0.239074757235
counter is 147
2 10 0 0 1 0 -4 10 9 147 0.43690453614 0.423029183618
counter is 148
2 10 0 0 1 0 -4 30 5 148 0.132503703213 -0.574934676062
counter is 149
2 10 0 0 1 0 -4 30 7 149 -0.0313287559324 0.237510349872
counter is 150
2 10 0 0 1 0 -4 30 8 150 0.398650001815 0.286124569719
counter is 151
2 10 0 0 1 0 -4 30 9 151 0.43690453614 0.423029183618
counter is 152
2 10 0 0 1 0 -4 90 5 152 -0.0613902031392 -1.04285518055
counter is 153
2 10 0 0 1 0 -4 90 7 153 0.421426999205 0.0904634571481
counter is 154
2 10 0 0 1 0 -4 90 8 154 0.49394505807 0.3045671274
counter is 155
2 10 0 0 1 0 -4 90 9 155 0.43690453614 0.423029183618
counter is 156
2 10 0 0 1 0 -4 300 5 156 1.5148213973 -1.36434728619
counter is 157
2 10 0 0 1 0 -4 300 7 157 0.0927919563942 0.0318227138115
counter is 158
2 10 0 0 1 0 -4 300 8 158 0.639088082007 0.295244905831
counter is 159
2 10 0 0 1 0 -4 300 9 159 0.43690453614 0.423029183618
counter is 160
2 30 0 0 -1 0 -4 10 5 160 0.542335240985 -0.36027691903
counter is 161
2 30 0 0 -1 0 -4 10 7 161 0.0198828033534 0.18463308097
counter is 162
2 30 0 0 -1 0 -4 10 8 162 0.365727439387 0.290790428687
counter is 163
2 30 0 0 -1 0 -4 10 9 163 0.678791260162 0.50491376751
counter is 164
2 30 0 0 -1 0 -4 30 5 164 0.42907730477 -0.482324676062
counter is 165
2 30 0 0 -1 0 -4 30 7 165 0.258538954442 0.232765323938
counter is 166
2 30 0 0 -1 0 -4 30 8 166 0.411664257822 0.301384569719
counter is 167
2 30 0 0 -1 0 -4 30 9 167 0.678791260162 0.50491376751
counter is 168
2 30 0 0 -1 0 -4 90 5 168 0.340052876194 -0.948855180548
counter is 169
2 30 0 0 -1 0 -4 90 7 169 0.87909097099 0.0720234571481
counter is 170
2 30 0 0 -1 0 -4 90 8 170 0.510304325752 0.318774208522
counter is 171
2 30 0 0 -1 0 -4 90 9 171 0.678791260162 0.50491376751
counter is 172
2 30 0 0 -1 0 -4 300 5 172 0.313248448455 -1.28012728619
counter is 173
2 30 0 0 -1 0 -4 300 7 173 0.61529653625 0.0222654546421
counter is 174
2 30 0 0 -1 0 -4 300 8 174 0.631877869609 0.315487709262
counter is 175
2 30 0 0 -1 0 -4 300 9 175 0.678791260162 0.50491376751
counter is 176
2 30 0 0 1 0 -4 10 5 176 -0.570844707762 -0.45922691903
counter is 177
2 30 0 0 1 0 -4 10 7 177 -0.183251922659 0.16563308097
counter is 178
2 30 0 0 1 0 -4 10 8 178 0.319876524305 0.239074757235
counter is 179
2 30 0 0 1 0 -4 10 9 179 0.43690453614 0.423029183618
counter is 180
2 30 0 0 1 0 -4 30 5 180 0.132503703213 -0.574934676062
counter is 181
2 30 0 0 1 0 -4 30 7 181 -0.0313287559324 0.237510349872
counter is 182
2 30 0 0 1 0 -4 30 8 182 0.398650001815 0.286124569719
counter is 183
2 30 0 0 1 0 -4 30 9 183 0.43690453614 0.423029183618
counter is 184
2 30 0 0 1 0 -4 90 5 184 -0.0613902031392 -1.04285518055
counter is 185
2 30 0 0 1 0 -4 90 7 185 0.421426999205 0.0904634571481
counter is 186
2 30 0 0 1 0 -4 90 8 186 0.49394505807 0.3045671274
counter is 187
2 30 0 0 1 0 -4 90 9 187 0.43690453614 0.423029183618
counter is 188
2 30 0 0 1 0 -4 300 5 188 1.5148213973 -1.36434728619
counter is 189
2 30 0 0 1 0 -4 300 7 189 0.0927919563942 0.0318227138115
counter is 190
2 30 0 0 1 0 -4 300 8 190 0.639088082007 0.295244905831
counter is 191
2 30 0 0 1 0 -4 300 9 191 0.43690453614 0.423029183618
counter is 192
10 5 0 0 -1 0 -4 10 5 192 0.534119779361 -0.34680691903
counter is 193
10 5 0 0 -1 0 -4 10 7 193 0.066662980606 0.29798308097
counter is 194
10 5 0 0 -1 0 -4 10 8 194 0.461850394585 0.285746962979
counter is 195
10 5 0 0 -1 0 -4 10 9 195 0.609010946452 0.484336863776
counter is 196
10 5 0 0 -1 0 -4 30 5 196 0.694889074861 -0.476904676062
counter is 197
10 5 0 0 -1 0 -4 30 7 197 0.381611286048 0.311065323938
counter is 198
10 5 0 0 -1 0 -4 30 8 198 0.578635470508 0.347685323938
counter is 199
10 5 0 0 -1 0 -4 30 9 199 0.609010946452 0.484336863776
counter is 200
10 5 0 0 -1 0 -4 90 5 200 -0.316592357339 -0.970895180548
counter is 201
10 5 0 0 -1 0 -4 90 7 201 0.652453627624 0.190424426509
counter is 202
10 5 0 0 -1 0 -4 90 8 202 0.675738162388 0.335823625568
counter is 203
10 5 0 0 -1 0 -4 90 9 203 0.609010946452 0.484336863776
counter is 204
10 5 0 0 -1 0 -4 300 5 204 1.10566905894 -1.40151728619
counter is 205
10 5 0 0 -1 0 -4 300 7 205 0.942214165988 0.0569627138115
counter is 206
10 5 0 0 -1 0 -4 300 8 206 0.836211172006 0.300896087955
counter is 207
10 5 0 0 -1 0 -4 300 9 207 0.609010946452 0.484336863776
counter is 208
10 5 0 0 1 0 -4 10 5 208 0.211987536098 -0.65651691903
counter is 209
10 5 0 0 1 0 -4 10 7 209 0.442909919712 0.0786730809701
counter is 210
10 5 0 0 1 0 -4 10 8 210 0.47076588587 0.223403026896
counter is 211
10 5 0 0 1 0 -4 10 9 211 0.472865063587 0.46027376751
counter is 212
10 5 0 0 1 0 -4 30 5 212 -0.0199770547847 -0.768874676062
counter is 213
10 5 0 0 1 0 -4 30 7 213 0.677364406937 0.126145323938
counter is 214
10 5 0 0 1 0 -4 30 8 214 0.510214473142 0.232495323938
counter is 215
10 5 0 0 1 0 -4 30 9 215 0.472865063587 0.46027376751
counter is 216
10 5 0 0 1 0 -4 90 5 216 -0.393134609007 -1.17585518055
counter is 217
10 5 0 0 1 0 -4 90 7 217 0.904106514368 0.0185348194517
counter is 218
10 5 0 0 1 0 -4 90 8 218 0.575405279612 0.2156771274
counter is 219
10 5 0 0 1 0 -4 90 9 219 0.472865063587 0.46027376751
counter is 220
10 5 0 0 1 0 -4 300 5 220 0.21252723647 -1.55554728619
counter is 221
10 5 0 0 1 0 -4 300 7 221 -0.231293425203 -0.105827286189
counter is 222
10 5 0 0 1 0 -4 300 8 222 0.649060600568 0.190095454642
counter is 223
10 5 0 0 1 0 -4 300 9 223 0.472865063587 0.46027376751
counter is 224
10 10 0 0 -1 0 -4 10 5 224 0.534119779361 -0.34680691903
counter is 225
10 10 0 0 -1 0 -4 10 7 225 0.066662980606 0.29798308097
counter is 226
10 10 0 0 -1 0 -4 10 8 226 0.461850394585 0.285746962979
counter is 227
10 10 0 0 -1 0 -4 10 9 227 0.609010946452 0.484336863776
counter is 228
10 10 0 0 -1 0 -4 30 5 228 0.694889074861 -0.476904676062
counter is 229
10 10 0 0 -1 0 -4 30 7 229 0.381611286048 0.311065323938
counter is 230
10 10 0 0 -1 0 -4 30 8 230 0.578635470508 0.347685323938
counter is 231
10 10 0 0 -1 0 -4 30 9 231 0.609010946452 0.484336863776
counter is 232
10 10 0 0 -1 0 -4 90 5 232 -0.316592357339 -0.970895180548
counter is 233
10 10 0 0 -1 0 -4 90 7 233 0.652453627624 0.190424426509
counter is 234
10 10 0 0 -1 0 -4 90 8 234 0.675738162388 0.335823625568
counter is 235
10 10 0 0 -1 0 -4 90 9 235 0.609010946452 0.484336863776
counter is 236
10 10 0 0 -1 0 -4 300 5 236 1.10566905894 -1.40151728619
counter is 237
10 10 0 0 -1 0 -4 300 7 237 0.942214165988 0.0569627138115
counter is 238
10 10 0 0 -1 0 -4 300 8 238 0.836211172006 0.300896087955
counter is 239
10 10 0 0 -1 0 -4 300 9 239 0.609010946452 0.484336863776
counter is 240
10 10 0 0 1 0 -4 10 5 240 0.211987536098 -0.65651691903
counter is 241
10 10 0 0 1 0 -4 10 7 241 0.442909919712 0.0786730809701
counter is 242
10 10 0 0 1 0 -4 10 8 242 0.47076588587 0.223403026896
counter is 243
10 10 0 0 1 0 -4 10 9 243 0.472865063587 0.46027376751
counter is 244
10 10 0 0 1 0 -4 30 5 244 -0.0199770547847 -0.768874676062
counter is 245
10 10 0 0 1 0 -4 30 7 245 0.677364406937 0.126145323938
counter is 246
10 10 0 0 1 0 -4 30 8 246 0.510214473142 0.232495323938
counter is 247
10 10 0 0 1 0 -4 30 9 247 0.472865063587 0.46027376751
counter is 248
10 10 0 0 1 0 -4 90 5 248 -0.393134609007 -1.17585518055
counter is 249
10 10 0 0 1 0 -4 90 7 249 0.904106514368 0.0185348194517
counter is 250
10 10 0 0 1 0 -4 90 8 250 0.575405279612 0.2156771274
counter is 251
10 10 0 0 1 0 -4 90 9 251 0.472865063587 0.46027376751
counter is 252
10 10 0 0 1 0 -4 300 5 252 0.21252723647 -1.55554728619
counter is 253
10 10 0 0 1 0 -4 300 7 253 -0.231293425203 -0.105827286189
counter is 254
10 10 0 0 1 0 -4 300 8 254 0.649060600568 0.190095454642
counter is 255
10 10 0 0 1 0 -4 300 9 255 0.472865063587 0.46027376751
counter is 256
10 30 0 0 -1 0 -4 10 5 256 0.534119779361 -0.34680691903
counter is 257
10 30 0 0 -1 0 -4 10 7 257 0.066662980606 0.29798308097
counter is 258
10 30 0 0 -1 0 -4 10 8 258 0.461850394585 0.285746962979
counter is 259
10 30 0 0 -1 0 -4 10 9 259 0.609010946452 0.484336863776
counter is 260
10 30 0 0 -1 0 -4 30 5 260 0.694889074861 -0.476904676062
counter is 261
10 30 0 0 -1 0 -4 30 7 261 0.381611286048 0.311065323938
counter is 262
10 30 0 0 -1 0 -4 30 8 262 0.578635470508 0.347685323938
counter is 263
10 30 0 0 -1 0 -4 30 9 263 0.609010946452 0.484336863776
counter is 264
10 30 0 0 -1 0 -4 90 5 264 -0.316592357339 -0.970895180548
counter is 265
10 30 0 0 -1 0 -4 90 7 265 0.652453627624 0.190424426509
counter is 266
10 30 0 0 -1 0 -4 90 8 266 0.675738162388 0.335823625568
counter is 267
10 30 0 0 -1 0 -4 90 9 267 0.609010946452 0.484336863776
counter is 268
10 30 0 0 -1 0 -4 300 5 268 1.10566905894 -1.40151728619
counter is 269
10 30 0 0 -1 0 -4 300 7 269 0.942214165988 0.0569627138115
counter is 270
10 30 0 0 -1 0 -4 300 8 270 0.836211172006 0.300896087955
counter is 271
10 30 0 0 -1 0 -4 300 9 271 0.609010946452 0.484336863776
counter is 272
10 30 0 0 1 0 -4 10 5 272 0.211987536098 -0.65651691903
counter is 273
10 30 0 0 1 0 -4 10 7 273 0.442909919712 0.0786730809701
counter is 274
10 30 0 0 1 0 -4 10 8 274 0.47076588587 0.223403026896
counter is 275
10 30 0 0 1 0 -4 10 9 275 0.472865063587 0.46027376751
counter is 276
10 30 0 0 1 0 -4 30 5 276 -0.0199770547847 -0.768874676062
counter is 277
10 30 0 0 1 0 -4 30 7 277 0.677364406937 0.126145323938
counter is 278
10 30 0 0 1 0 -4 30 8 278 0.510214473142 0.232495323938
counter is 279
10 30 0 0 1 0 -4 30 9 279 0.472865063587 0.46027376751
counter is 280
10 30 0 0 1 0 -4 90 5 280 -0.393134609007 -1.17585518055
counter is 281
10 30 0 0 1 0 -4 90 7 281 0.904106514368 0.0185348194517
counter is 282
10 30 0 0 1 0 -4 90 8 282 0.575405279612 0.2156771274
counter is 283
10 30 0 0 1 0 -4 90 9 283 0.472865063587 0.46027376751
counter is 284
10 30 0 0 1 0 -4 300 5 284 0.21252723647 -1.55554728619
counter is 285
10 30 0 0 1 0 -4 300 7 285 -0.231293425203 -0.105827286189
counter is 286
10 30 0 0 1 0 -4 300 8 286 0.649060600568 0.190095454642
counter is 287
10 30 0 0 1 0 -4 300 9 287 0.472865063587 0.46027376751
counter is 288
1 5 0 0 -1 0 -3 10 5 288 0.886007485555 0.35848308097
counter is 289
1 5 0 0 -1 0 -3 10 7 289 0.609556899887 0.269028950689
counter is 290
1 5 0 0 -1 0 -3 10 8 290 0.780455819627 0.377919528158
counter is 291
1 5 0 0 -1 0 -3 10 9 291 1.44787116788 0.507625236844
counter is 292
1 5 0 0 -1 0 -3 30 5 292 0.512037521089 0.412595323938
counter is 293
1 5 0 0 -1 0 -3 30 7 293 0.247966676667 0.29418056811
counter is 294
1 5 0 0 -1 0 -3 30 8 294 -2.35884086846 0.0149264127474
counter is 295
1 5 0 0 -1 0 -3 30 9 295 -2.35884086846 0.0149264127474
counter is 296
1 5 0 0 -1 0 -3 90 5 296 1.07401917655 0.446774819452
counter is 297
1 5 0 0 -1 0 -3 90 7 297 -2.35884086846 0.0149264127474
counter is 298
1 5 0 0 -1 0 -3 90 8 298 -2.35884086846 0.0149264127474
counter is 299
1 5 0 0 -1 0 -3 90 9 299 -2.35884086846 0.0149264127474
counter is 300
1 5 0 0 -1 0 -3 300 5 300 0.906581332425 0.496722713811
counter is 301
1 5 0 0 -1 0 -3 300 7 301 -2.35884086846 0.0149264127474
counter is 302
1 5 0 0 -1 0 -3 300 8 302 -2.35884086846 0.0149264127474
counter is 303
1 5 0 0 -1 0 -3 300 9 303 -2.35884086846 0.0149264127474
counter is 304
1 5 0 0 1 0 -3 10 5 304 0.773804854013 0.35106308097
counter is 305
1 5 0 0 1 0 -3 10 7 305 0.0649203189254 0.277184053975
counter is 306
1 5 0 0 1 0 -3 10 8 306 0.480296616566 0.48121907523
counter is 307
1 5 0 0 1 0 -3 10 9 307 0.480296616566 0.48121907523
counter is 308
1 5 0 0 1 0 -3 30 5 308 0.212837353786 0.386885323938
counter is 309
1 5 0 0 1 0 -3 30 7 309 0.169789527816 0.35898008374
counter is 310
1 5 0 0 1 0 -3 30 8 310 0.401921053464 -0.0156080701928
counter is 311
1 5 0 0 1 0 -3 30 9 311 0.401921053464 -0.0156080701928
counter is 312
1 5 0 0 1 0 -3 90 5 312 0.433499961435 0.404674819452
counter is 313
1 5 0 0 1 0 -3 90 7 313 0.433499961435 0.404674819452
counter is 314
1 5 0 0 1 0 -3 90 8 314 0.433499961435 0.404674819452
counter is 315
1 5 0 0 1 0 -3 90 9 315 0.433499961435 0.404674819452
counter is 316
1 5 0 0 1 0 -3 300 5 316 0.633392863624 0.483952713811
counter is 317
1 5 0 0 1 0 -3 300 7 317 0.633392863624 0.483952713811
counter is 318
1 5 0 0 1 0 -3 300 8 318 0.633392863624 0.483952713811
counter is 319
1 5 0 0 1 0 -3 300 9 319 0.633392863624 0.483952713811
counter is 320
1 10 0 0 -1 0 -3 10 5 320 0.740157187635 0.39272308097
counter is 321
1 10 0 0 -1 0 -3 10 7 321 0.639492383124 0.271088950689
counter is 322
1 10 0 0 -1 0 -3 10 8 322 0.86812710585 0.38971196347
counter is 323
1 10 0 0 -1 0 -3 10 9 323 1.60178680189 0.51719634067
counter is 324
1 10 0 0 -1 0 -3 30 5 324 0.665491865371 0.455835323938
counter is 325
1 10 0 0 -1 0 -3 30 7 325 1.25590664709 0.335305537478
counter is 326
1 10 0 0 -1 0 -3 30 8 326 3.19323459879 -0.0311938386809
counter is 327
1 10 0 0 -1 0 -3 30 9 327 3.19323459879 -0.0311938386809
counter is 328
1 10 0 0 -1 0 -3 90 5 328 0.96957169395 0.482354819452
counter is 329
1 10 0 0 -1 0 -3 90 7 329 3.19323459879 -0.0311938386809
counter is 330
1 10 0 0 -1 0 -3 90 8 330 3.19323459879 -0.0311938386809
counter is 331
1 10 0 0 -1 0 -3 90 9 331 3.19323459879 -0.0311938386809
counter is 332
1 10 0 0 -1 0 -3 300 5 332 0.761687797001 0.497462713811
counter is 333
1 10 0 0 -1 0 -3 300 7 333 3.19323459879 -0.0311938386809
counter is 334
1 10 0 0 -1 0 -3 300 8 334 3.19323459879 -0.0311938386809
counter is 335
1 10 0 0 -1 0 -3 300 9 335 3.19323459879 -0.0311938386809
counter is 336
1 10 0 0 1 0 -3 10 5 336 0.574907838643 0.36972308097
counter is 337
1 10 0 0 1 0 -3 10 7 337 -0.011265814238 0.276424053975
counter is 338
1 10 0 0 1 0 -3 10 8 338 0.414440252994 0.508844939806
counter is 339
1 10 0 0 1 0 -3 10 9 339 0.414440252994 0.508844939806
counter is 340
1 10 0 0 1 0 -3 30 5 340 0.356510800125 0.407695323938
counter is 341
1 10 0 0 1 0 -3 30 7 341 -0.153596518247 0.368268646419
counter is 342
1 10 0 0 1 0 -3 30 8 342 0.635724104405 0.00223413473455
counter is 343
1 10 0 0 1 0 -3 30 9 343 0.635724104405 0.00223413473455
counter is 344
1 10 0 0 1 0 -3 90 5 344 0.776317167227 0.457514819452
counter is 345
1 10 0 0 1 0 -3 90 7 345 0.776317167227 0.457514819452
counter is 346
1 10 0 0 1 0 -3 90 8 346 0.776317167227 0.457514819452
counter is 347
1 10 0 0 1 0 -3 90 9 347 0.776317167227 0.457514819452
counter is 348
1 10 0 0 1 0 -3 300 5 348 0.634791573991 0.486232713811
counter is 349
1 10 0 0 1 0 -3 300 7 349 0.634791573991 0.486232713811
counter is 350
1 10 0 0 1 0 -3 300 8 350 0.634791573991 0.486232713811
counter is 351
1 10 0 0 1 0 -3 300 9 351 0.634791573991 0.486232713811
counter is 352
1 30 0 0 -1 0 -3 10 5 352 0.558902208804 0.47503308097
counter is 353
1 30 0 0 -1 0 -3 10 7 353 0.505483544703 0.275998950689
counter is 354
1 30 0 0 -1 0 -3 10 8 354 0.429184898104 0.398644535769
counter is 355
1 30 0 0 -1 0 -3 10 9 355 1.00466982846 0.524212662778
counter is 356
1 30 0 0 -1 0 -3 30 5 356 0.576545666011 0.524725323938
counter is 357
1 30 0 0 -1 0 -3 30 7 357 0.236804992147 0.324361443206
counter is 358
1 30 0 0 -1 0 -3 30 8 358 0.686894385884 -0.0438014128679
counter is 359
1 30 0 0 -1 0 -3 30 9 359 0.686894385884 -0.0438014128679
counter is 360
1 30 0 0 -1 0 -3 90 5 360 0.70427444202 0.534784819452
counter is 361
1 30 0 0 -1 0 -3 90 7 361 0.686894385884 -0.0438014128679
counter is 362
1 30 0 0 -1 0 -3 90 8 362 0.686894385884 -0.0438014128679
counter is 363
1 30 0 0 -1 0 -3 90 9 363 0.686894385884 -0.0438014128679
counter is 364
1 30 0 0 -1 0 -3 300 5 364 0.530996955533 0.462282713811
counter is 365
1 30 0 0 -1 0 -3 300 7 365 0.686894385884 -0.0438014128679
counter is 366
1 30 0 0 -1 0 -3 300 8 366 0.686894385884 -0.0438014128679
counter is 367
1 30 0 0 -1 0 -3 300 9 367 0.686894385884 -0.0438014128679
counter is 368
1 30 0 0 1 0 -3 10 5 368 0.459752449306 0.43715308097
counter is 369
1 30 0 0 1 0 -3 10 7 369 -0.276041676856 0.266844053975
counter is 370
1 30 0 0 1 0 -3 10 8 370 0.164131484589 0.49861704732
counter is 371
1 30 0 0 1 0 -3 10 9 371 0.164131484589 0.49861704732
counter is 372
1 30 0 0 1 0 -3 30 5 372 0.448208629393 0.469665323938
counter is 373
1 30 0 0 1 0 -3 30 7 373 0.204267238549 0.380531134858
counter is 374
1 30 0 0 1 0 -3 30 8 374 -0.610187647478 0.016815635255
counter is 375
1 30 0 0 1 0 -3 30 9 375 -0.610187647478 0.016815635255
counter is 376
1 30 0 0 1 0 -3 90 5 376 0.6221239234 0.508344819452
counter is 377
1 30 0 0 1 0 -3 90 7 377 0.6221239234 0.508344819452
counter is 378
1 30 0 0 1 0 -3 90 8 378 0.6221239234 0.508344819452
counter is 379
1 30 0 0 1 0 -3 90 9 379 0.6221239234 0.508344819452
counter is 380
1 30 0 0 1 0 -3 300 5 380 0.484823584735 0.451622713811
counter is 381
1 30 0 0 1 0 -3 300 7 381 0.484823584735 0.451622713811
counter is 382
1 30 0 0 1 0 -3 300 8 382 0.484823584735 0.451622713811
counter is 383
1 30 0 0 1 0 -3 300 9 383 0.484823584735 0.451622713811
counter is 384
2 5 0 0 -1 0 -3 10 5 384 0.75351899644 0.36038308097
counter is 385
2 5 0 0 -1 0 -3 10 7 385 1.31234613451 0.299645923218
counter is 386
2 5 0 0 -1 0 -3 10 8 386 0.801257336011 0.333446753096
counter is 387
2 5 0 0 -1 0 -3 10 9 387 1.63963744621 0.508265236844
counter is 388
2 5 0 0 -1 0 -3 30 5 388 0.662461059488 0.430655323938
counter is 389
2 5 0 0 -1 0 -3 30 7 389 1.22939348418 0.329701056208
counter is 390
2 5 0 0 -1 0 -3 30 8 390 0.472473239403 0.326058305423
counter is 391
2 5 0 0 -1 0 -3 30 9 391 -0.0170746910702 -0.0164351071523
counter is 392
2 5 0 0 -1 0 -3 90 5 392 1.18632510346 0.463874819452
counter is 393
2 5 0 0 -1 0 -3 90 7 393 2.00958707593 0.493340962657
counter is 394
2 5 0 0 -1 0 -3 90 8 394 -0.0170746910702 -0.0164351071523
counter is 395
2 5 0 0 -1 0 -3 90 9 395 -0.0170746910702 -0.0164351071523
counter is 396
2 5 0 0 -1 0 -3 300 5 396 0.994198127517 0.500852713811
counter is 397
2 5 0 0 -1 0 -3 300 7 397 -0.0170746910702 -0.0164351071523
counter is 398
2 5 0 0 -1 0 -3 300 8 398 -0.0170746910702 -0.0164351071523
counter is 399
2 5 0 0 -1 0 -3 300 9 399 -0.0170746910702 -0.0164351071523
counter is 400
2 5 0 0 1 0 -3 10 5 400 0.778298868416 0.36072308097
counter is 401
2 5 0 0 1 0 -3 10 7 401 0.202164362971 0.281375923218
counter is 402
2 5 0 0 1 0 -3 10 8 402 -0.173601092436 0.277865923218
counter is 403
2 5 0 0 1 0 -3 10 9 403 -0.173601092436 0.277865923218
counter is 404
2 5 0 0 1 0 -3 30 5 404 0.24240509757 0.389735323938
counter is 405
2 5 0 0 1 0 -3 30 7 405 0.389986227702 0.343779065702
counter is 406
2 5 0 0 1 0 -3 30 8 406 -0.0433778085842 0.339748626422
counter is 407
2 5 0 0 1 0 -3 30 9 407 -0.0433778085842 0.339748626422
counter is 408
2 5 0 0 1 0 -3 90 5 408 0.350181798776 0.399774819452
counter is 409
2 5 0 0 1 0 -3 90 7 409 2.18276199791 0.505000811657
counter is 410
2 5 0 0 1 0 -3 90 8 410 2.18276199791 0.505000811657
counter is 411
2 5 0 0 1 0 -3 90 9 411 2.18276199791 0.505000811657
counter is 412
2 5 0 0 1 0 -3 300 5 412 0.568453997629 0.480902713811
counter is 413
2 5 0 0 1 0 -3 300 7 413 0.568453997629 0.480902713811
counter is 414
2 5 0 0 1 0 -3 300 8 414 0.568453997629 0.480902713811
counter is 415
2 5 0 0 1 0 -3 300 9 415 0.568453997629 0.480902713811
counter is 416
2 10 0 0 -1 0 -3 10 5 416 0.694438080349 0.40577308097
counter is 417
2 10 0 0 -1 0 -3 10 7 417 1.17930509966 0.306055923218
counter is 418
2 10 0 0 -1 0 -3 10 8 418 0.913945363638 0.308602943148
counter is 419
2 10 0 0 -1 0 -3 10 9 419 1.92583315818 0.51853634067
counter is 420
2 10 0 0 -1 0 -3 30 5 420 0.914114529642 0.506665323938
counter is 421
2 10 0 0 -1 0 -3 30 7 421 1.43760842641 0.364090159017
counter is 422
2 10 0 0 -1 0 -3 30 8 422 0.402484702816 0.356707196458
counter is 423
2 10 0 0 -1 0 -3 30 9 423 4.9853546499 -0.0255261615602
counter is 424
2 10 0 0 -1 0 -3 90 5 424 1.09556416391 0.511894819452
counter is 425
2 10 0 0 -1 0 -3 90 7 425 2.61570958349 0.496850962657
counter is 426
2 10 0 0 -1 0 -3 90 8 426 4.9853546499 -0.0255261615602
counter is 427
2 10 0 0 -1 0 -3 90 9 427 4.9853546499 -0.0255261615602
counter is 428
2 10 0 0 -1 0 -3 300 5 428 0.753443688718 0.496962713811
counter is 429
2 10 0 0 -1 0 -3 300 7 429 4.9853546499 -0.0255261615602
counter is 430
2 10 0 0 -1 0 -3 300 8 430 4.9853546499 -0.0255261615602
counter is 431
2 10 0 0 -1 0 -3 300 9 431 4.9853546499 -0.0255261615602
counter is 432
2 10 0 0 1 0 -3 10 5 432 0.457598894488 0.35961308097
counter is 433
2 10 0 0 1 0 -3 10 7 433 0.0358148777865 0.278825923218
counter is 434
2 10 0 0 1 0 -3 10 8 434 0.0859192323604 0.279345923218
counter is 435
2 10 0 0 1 0 -3 10 9 435 0.0859192323604 0.279345923218
counter is 436
2 10 0 0 1 0 -3 30 5 436 0.308536374781 0.402215323938
counter is 437
2 10 0 0 1 0 -3 30 7 437 0.356431381009 0.466263208171
counter is 438
2 10 0 0 1 0 -3 30 8 438 -0.0643798237165 0.374716650419
counter is 439
2 10 0 0 1 0 -3 30 9 439 -0.0643798237165 0.374716650419
counter is 440
2 10 0 0 1 0 -3 90 5 440 0.660734024506 0.447344819452
counter is 441
2 10 0 0 1 0 -3 90 7 441 2.17478560427 0.506000811657
counter is 442
2 10 0 0 1 0 -3 90 8 442 2.17478560427 0.506000811657
counter is 443
2 10 0 0 1 0 -3 90 9 443 2.17478560427 0.506000811657
counter is 444
2 10 0 0 1 0 -3 300 5 444 0.673525690351 0.489602713811
counter is 445
2 10 0 0 1 0 -3 300 7 445 0.673525690351 0.489602713811
counter is 446
2 10 0 0 1 0 -3 300 8 446 0.673525690351 0.489602713811
counter is 447
2 10 0 0 1 0 -3 300 9 447 0.673525690351 0.489602713811
counter is 448
2 30 0 0 -1 0 -3 10 5 448 0.55904545051 0.50526308097
counter is 449
2 30 0 0 -1 0 -3 10 7 449 0.596367409092 0.307205923218
counter is 450
2 30 0 0 -1 0 -3 10 8 450 0.462909214151 0.332755597592
counter is 451
2 30 0 0 -1 0 -3 10 9 451 0.978421162099 0.524172662778
counter is 452
2 30 0 0 -1 0 -3 30 5 452 0.596113557227 0.546895323938
counter is 453
2 30 0 0 -1 0 -3 30 7 453 0.394545953499 0.320345189649
counter is 454
2 30 0 0 -1 0 -3 30 8 454 0.0523798311654 0.317354251756
counter is 455
2 30 0 0 -1 0 -3 30 9 455 0.730854783238 -0.0501522283827
counter is 456
2 30 0 0 -1 0 -3 90 5 456 0.761957650182 0.572144819452
counter is 457
2 30 0 0 -1 0 -3 90 7 457 1.03329113947 0.492660962657
counter is 458
2 30 0 0 -1 0 -3 90 8 458 0.730854783238 -0.0501522283827
counter is 459
2 30 0 0 -1 0 -3 90 9 459 0.730854783238 -0.0501522283827
counter is 460
2 30 0 0 -1 0 -3 300 5 460 0.520582847414 0.459442713811
counter is 461
2 30 0 0 -1 0 -3 300 7 461 0.730854783238 -0.0501522283827
counter is 462
2 30 0 0 -1 0 -3 300 8 462 0.730854783238 -0.0501522283827
counter is 463
2 30 0 0 -1 0 -3 300 9 463 0.730854783238 -0.0501522283827
counter is 464
2 30 0 0 1 0 -3 10 5 464 0.43131794721 0.44169308097
counter is 465
2 30 0 0 1 0 -3 10 7 465 -0.0638473755198 0.272105923218
counter is 466
2 30 0 0 1 0 -3 10 8 466 -0.0709606264387 0.276425923218
counter is 467
2 30 0 0 1 0 -3 10 9 467 -0.0709606264387 0.276425923218
counter is 468
2 30 0 0 1 0 -3 30 5 468 0.318073291249 0.414145323938
counter is 469
2 30 0 0 1 0 -3 30 7 469 0.335181254834 0.356733578748
counter is 470
2 30 0 0 1 0 -3 30 8 470 -0.0704616932593 0.363942665917
counter is 471
2 30 0 0 1 0 -3 30 9 471 -0.0704616932593 0.363942665917
counter is 472
2 30 0 0 1 0 -3 90 5 472 0.60680913171 0.509524819452
counter is 473
2 30 0 0 1 0 -3 90 7 473 1.28161793032 0.505230811657
counter is 474
2 30 0 0 1 0 -3 90 8 474 1.28161793032 0.505230811657
counter is 475
2 30 0 0 1 0 -3 90 9 475 1.28161793032 0.505230811657
counter is 476
2 30 0 0 1 0 -3 300 5 476 0.485643669804 0.452162713811
counter is 477
2 30 0 0 1 0 -3 300 7 477 0.485643669804 0.452162713811
counter is 478
2 30 0 0 1 0 -3 300 8 478 0.485643669804 0.452162713811
counter is 479
2 30 0 0 1 0 -3 300 9 479 0.485643669804 0.452162713811
counter is 480
10 5 0 0 -1 0 -3 10 5 480 0.767658373861 0.41468308097
counter is 481
10 5 0 0 -1 0 -3 10 7 481 0.672736961106 0.33338308097
counter is 482
10 5 0 0 -1 0 -3 10 8 482 0.727683417166 0.318226962979
counter is 483
10 5 0 0 -1 0 -3 10 9 483 1.74788808895 0.534176863776
counter is 484
10 5 0 0 -1 0 -3 30 5 484 1.38988061102 0.559135323938
counter is 485
10 5 0 0 -1 0 -3 30 7 485 0.627358100252 0.399205323938
counter is 486
10 5 0 0 -1 0 -3 30 8 486 0.167982176237 0.430749819792
counter is 487
10 5 0 0 -1 0 -3 30 9 487 0.166571067839 0.602988680423
counter is 488
10 5 0 0 -1 0 -3 90 5 488 1.2229608741 0.489504819452
counter is 489
10 5 0 0 -1 0 -3 90 7 489 -0.0993279943465 0.385934819452
counter is 490
10 5 0 0 -1 0 -3 90 8 490 -0.13709674262 0.41285835826
counter is 491
10 5 0 0 -1 0 -3 90 9 491 3.96185490915 -0.00875376033556
counter is 492
10 5 0 0 -1 0 -3 300 5 492 0.78826901714 0.493222713811
counter is 493
10 5 0 0 -1 0 -3 300 7 493 1.21076106481 0.526152421879
counter is 494
10 5 0 0 -1 0 -3 300 8 494 1.23702797581 -0.117199601623
counter is 495
10 5 0 0 -1 0 -3 300 9 495 5.29811201967 -0.0237361615602
counter is 496
10 5 0 0 1 0 -3 10 5 496 -0.0199103036266 0.27078308097
counter is 497
10 5 0 0 1 0 -3 10 7 497 -0.543535953334 0.25210308097
counter is 498
10 5 0 0 1 0 -3 10 8 498 -0.204767675384 0.338833026896
counter is 499
10 5 0 0 1 0 -3 10 9 499 -0.0545234359508 0.509088006881
counter is 500
10 5 0 0 1 0 -3 30 5 500 -0.0977564786876 0.343155323938
counter is 501
10 5 0 0 1 0 -3 30 7 501 0.0334015424218 0.388208196792
counter is 502
10 5 0 0 1 0 -3 30 8 502 0.951990201347 0.347620689837
counter is 503
10 5 0 0 1 0 -3 30 9 503 1.00134519985 0.40006638902
counter is 504
10 5 0 0 1 0 -3 90 5 504 0.366261834002 0.403334819452
counter is 505
10 5 0 0 1 0 -3 90 7 505 0.208762684795 0.391774819452
counter is 506
10 5 0 0 1 0 -3 90 8 506 1.63243029744 0.54025166616
counter is 507
10 5 0 0 1 0 -3 90 9 507 1.63243029744 0.54025166616
counter is 508
10 5 0 0 1 0 -3 300 5 508 0.735713087093 0.490292713811
counter is 509
10 5 0 0 1 0 -3 300 7 509 -2.38660490895 -0.0558987326764
counter is 510
10 5 0 0 1 0 -3 300 8 510 -2.38660490895 -0.0558987326764
counter is 511
10 5 0 0 1 0 -3 300 9 511 -2.38660490895 -0.0558987326764
counter is 512
10 10 0 0 -1 0 -3 10 5 512 0.756567562131 0.50420308097
counter is 513
10 10 0 0 -1 0 -3 10 7 513 1.0529735847 0.40909308097
counter is 514
10 10 0 0 -1 0 -3 10 8 514 1.25758211404 0.371956962979
counter is 515
10 10 0 0 -1 0 -3 10 9 515 1.68784160095 0.537416863776
counter is 516
10 10 0 0 -1 0 -3 30 5 516 1.21954860333 0.649185323938
counter is 517
10 10 0 0 -1 0 -3 30 7 517 0.804975103085 0.416105323938
counter is 518
10 10 0 0 -1 0 -3 30 8 518 0.479488973097 0.439952922616
counter is 519
10 10 0 0 -1 0 -3 30 9 519 1.07931897965 0.560650410047
counter is 520
10 10 0 0 -1 0 -3 90 5 520 0.907250347512 0.512784819452
counter is 521
10 10 0 0 -1 0 -3 90 7 521 0.565305549161 0.401524819452
counter is 522
10 10 0 0 -1 0 -3 90 8 522 0.342244820595 0.37000314965
counter is 523
10 10 0 0 -1 0 -3 90 9 523 4.79729467439 -0.0251554366849
counter is 524
10 10 0 0 -1 0 -3 300 5 524 0.657950261738 0.489492713811
counter is 525
10 10 0 0 -1 0 -3 300 7 525 1.22352541872 0.52730103441
counter is 526
10 10 0 0 -1 0 -3 300 8 526 0.287916057014 -0.143996583759
counter is 527
10 10 0 0 -1 0 -3 300 9 527 3.75736297291 -0.0471830974134
counter is 528
10 10 0 0 1 0 -3 10 5 528 0.0194615120649 0.25728308097
counter is 529
10 10 0 0 1 0 -3 10 7 529 -0.776079537612 0.19049308097
counter is 530
10 10 0 0 1 0 -3 10 8 530 -0.448353575163 0.312313026896
counter is 531
10 10 0 0 1 0 -3 10 9 531 0.0970594087994 0.49470947653
counter is 532
10 10 0 0 1 0 -3 30 5 532 -0.199492974252 0.267785323938
counter is 533
10 10 0 0 1 0 -3 30 7 533 0.181678098255 0.392148196792
counter is 534
10 10 0 0 1 0 -3 30 8 534 0.569455299989 0.403945034229
counter is 535
10 10 0 0 1 0 -3 30 9 535 0.332756680109 0.39919638902
counter is 536
10 10 0 0 1 0 -3 90 5 536 0.423320719939 0.421774819452
counter is 537
10 10 0 0 1 0 -3 90 7 537 -0.0461472875911 0.386784819452
counter is 538
10 10 0 0 1 0 -3 90 8 538 1.1323777019 0.53974166616
counter is 539
10 10 0 0 1 0 -3 90 9 539 1.1323777019 0.53974166616
counter is 540
10 10 0 0 1 0 -3 300 5 540 0.631576544874 0.486422713811
counter is 541
10 10 0 0 1 0 -3 300 7 541 0.5320088997 -0.0326962312273
counter is 542
10 10 0 0 1 0 -3 300 8 542 0.5320088997 -0.0326962312273
counter is 543
10 10 0 0 1 0 -3 300 9 543 0.5320088997 -0.0326962312273
counter is 544
10 30 0 0 -1 0 -3 10 5 544 0.70644666763 0.74951308097
counter is 545
10 30 0 0 -1 0 -3 10 7 545 0.686530633097 0.46590308097
counter is 546
10 30 0 0 -1 0 -3 10 8 546 0.693088496246 0.392776962979
counter is 547
10 30 0 0 -1 0 -3 10 9 547 1.22234019069 0.540436863776
counter is 548
10 30 0 0 -1 0 -3 30 5 548 0.801077578353 0.749955323938
counter is 549
10 30 0 0 -1 0 -3 30 7 549 0.713797242867 0.445565323938
counter is 550
10 30 0 0 -1 0 -3 30 8 550 0.466955606332 0.397245323938
counter is 551
10 30 0 0 -1 0 -3 30 9 551 0.672070025226 0.524176863776
counter is 552
10 30 0 0 -1 0 -3 90 5 552 0.677884171424 0.579624819452
counter is 553
10 30 0 0 -1 0 -3 90 7 553 0.378866359651 0.398824819452
counter is 554
10 30 0 0 -1 0 -3 90 8 554 0.459724460946 0.396646453483
counter is 555
10 30 0 0 -1 0 -3 90 9 555 1.49431770585 -0.0265307497047
counter is 556
10 30 0 0 -1 0 -3 300 5 556 0.434652011417 0.429682713811
counter is 557
10 30 0 0 -1 0 -3 300 7 557 0.344418615463 0.474972713811
counter is 558
10 30 0 0 -1 0 -3 300 8 558 -1.0095156845 -0.0991507688254
counter is 559
10 30 0 0 -1 0 -3 300 9 559 1.63473964095 -0.00259960875539
counter is 560
10 30 0 0 1 0 -3 10 5 560 0.415490263856 0.49128308097
counter is 561
10 30 0 0 1 0 -3 10 7 561 0.0533676233681 0.27374308097
counter is 562
10 30 0 0 1 0 -3 10 8 562 0.0898123277343 0.341703026896
counter is 563
10 30 0 0 1 0 -3 10 9 563 -0.141078808794 0.49131376751
counter is 564
10 30 0 0 1 0 -3 30 5 564 0.303030272003 0.390835323938
counter is 565
10 30 0 0 1 0 -3 30 7 565 0.68073778351 0.443668196792
counter is 566
10 30 0 0 1 0 -3 30 8 566 0.787490981188 0.379319684044
counter is 567
10 30 0 0 1 0 -3 30 9 567 0.697354445763 0.497691323694
counter is 568
10 30 0 0 1 0 -3 90 5 568 0.477702598634 0.472324819452
counter is 569
10 30 0 0 1 0 -3 90 7 569 -0.283575912807 0.374124819452
counter is 570
10 30 0 0 1 0 -3 90 8 570 -0.0679626304523 0.53757166616
counter is 571
10 30 0 0 1 0 -3 90 9 571 -0.0679626304523 0.53757166616
counter is 572
10 30 0 0 1 0 -3 300 5 572 0.383038599796 0.418802713811
counter is 573
10 30 0 0 1 0 -3 300 7 573 0.00567156176518 -0.105171452284
counter is 574
10 30 0 0 1 0 -3 300 8 574 0.00567156176518 -0.105171452284
counter is 575
10 30 0 0 1 0 -3 300 9 575 0.00567156176518 -0.105171452284
counter is 576
1 5 0 0 -1 0 -2 10 5 576 0.406262025769 0.36733308097
counter is 577
1 5 0 0 -1 0 -2 10 7 577 0.178232557349 0.283994053975
counter is 578
1 5 0 0 -1 0 -2 10 8 578 0.939176573913 0.408356910198
counter is 579
1 5 0 0 -1 0 -2 10 9 579 0.682418555753 0.524246863776
counter is 580
1 5 0 0 -1 0 -2 30 5 580 0.754093298961 0.440105323938
counter is 581
1 5 0 0 -1 0 -2 30 7 581 0.360048952364 0.349928358609
counter is 582
1 5 0 0 -1 0 -2 30 8 582 0.636942461535 0.523996863776
counter is 583
1 5 0 0 -1 0 -2 30 9 583 0.112621237921 0.522846863776
counter is 584
1 5 0 0 -1 0 -2 90 5 584 0.564765860501 0.450974819452
counter is 585
1 5 0 0 -1 0 -2 90 7 585 0.112621237921 0.522846863776
counter is 586
1 5 0 0 -1 0 -2 90 8 586 0.112621237921 0.522846863776
counter is 587
1 5 0 0 -1 0 -2 90 9 587 0.112621237921 0.522846863776
counter is 588
1 5 0 0 -1 0 -2 300 5 588 1.0336730993 0.491432713811
counter is 589
1 5 0 0 -1 0 -2 300 7 589 0.112621237921 0.522846863776
counter is 590
1 5 0 0 -1 0 -2 300 8 590 0.112621237921 0.522846863776
counter is 591
1 5 0 0 -1 0 -2 300 9 591 0.112621237921 0.522846863776
counter is 592
1 5 0 0 1 0 -2 10 5 592 -0.211531918612 0.21166308097
counter is 593
1 5 0 0 1 0 -2 10 7 593 -0.0729722239625 0.270044053975
counter is 594
1 5 0 0 1 0 -2 10 8 594 -0.451450886087 0.391216910198
counter is 595
1 5 0 0 1 0 -2 10 9 595 0.781593723696 0.525146863776
counter is 596
1 5 0 0 1 0 -2 30 5 596 -0.349374479902 0.330415323938
counter is 597
1 5 0 0 1 0 -2 30 7 597 -0.0409345402906 0.329918358609
counter is 598
1 5 0 0 1 0 -2 30 8 598 0.825958827211 0.525396863776
counter is 599
1 5 0 0 1 0 -2 30 9 599 1.34771839801 0.526546863776
counter is 600
1 5 0 0 1 0 -2 90 5 600 -0.0365932758098 0.333004819452
counter is 601
1 5 0 0 1 0 -2 90 7 601 1.34771839801 0.526546863776
counter is 602
1 5 0 0 1 0 -2 90 8 602 1.34771839801 0.526546863776
counter is 603
1 5 0 0 1 0 -2 90 9 603 1.34771839801 0.526546863776
counter is 604
1 5 0 0 1 0 -2 300 5 604 0.0742556818547 0.469562713811
counter is 605
1 5 0 0 1 0 -2 300 7 605 1.34771839801 0.526546863776
counter is 606
1 5 0 0 1 0 -2 300 8 606 1.34771839801 0.526546863776
counter is 607
1 5 0 0 1 0 -2 300 9 607 1.34771839801 0.526546863776
counter is 608
1 10 0 0 -1 0 -2 10 5 608 0.406262025769 0.36733308097
counter is 609
1 10 0 0 -1 0 -2 10 7 609 0.178232557349 0.283994053975
counter is 610
1 10 0 0 -1 0 -2 10 8 610 0.939176573913 0.408356910198
counter is 611
1 10 0 0 -1 0 -2 10 9 611 0.682418555753 0.524246863776
counter is 612
1 10 0 0 -1 0 -2 30 5 612 0.754093298961 0.440105323938
counter is 613
1 10 0 0 -1 0 -2 30 7 613 0.360048952364 0.349928358609
counter is 614
1 10 0 0 -1 0 -2 30 8 614 0.636942461535 0.523996863776
counter is 615
1 10 0 0 -1 0 -2 30 9 615 0.112621237921 0.522846863776
counter is 616
1 10 0 0 -1 0 -2 90 5 616 0.564765860501 0.450974819452
counter is 617
1 10 0 0 -1 0 -2 90 7 617 0.112621237921 0.522846863776
counter is 618
1 10 0 0 -1 0 -2 90 8 618 0.112621237921 0.522846863776
counter is 619
1 10 0 0 -1 0 -2 90 9 619 0.112621237921 0.522846863776
counter is 620
1 10 0 0 -1 0 -2 300 5 620 1.0336730993 0.491432713811
counter is 621
1 10 0 0 -1 0 -2 300 7 621 0.112621237921 0.522846863776
counter is 622
1 10 0 0 -1 0 -2 300 8 622 0.112621237921 0.522846863776
counter is 623
1 10 0 0 -1 0 -2 300 9 623 0.112621237921 0.522846863776
counter is 624
1 10 0 0 1 0 -2 10 5 624 -0.211531918612 0.21166308097
counter is 625
1 10 0 0 1 0 -2 10 7 625 -0.0729722239625 0.270044053975
counter is 626
1 10 0 0 1 0 -2 10 8 626 -0.451450886087 0.391216910198
counter is 627
1 10 0 0 1 0 -2 10 9 627 0.781593723696 0.525146863776
counter is 628
1 10 0 0 1 0 -2 30 5 628 -0.349374479902 0.330415323938
counter is 629
1 10 0 0 1 0 -2 30 7 629 -0.0409345402906 0.329918358609
counter is 630
1 10 0 0 1 0 -2 30 8 630 0.825958827211 0.525396863776
counter is 631
1 10 0 0 1 0 -2 30 9 631 1.34771839801 0.526546863776
counter is 632
1 10 0 0 1 0 -2 90 5 632 -0.0365932758098 0.333004819452
counter is 633
1 10 0 0 1 0 -2 90 7 633 1.34771839801 0.526546863776
counter is 634
1 10 0 0 1 0 -2 90 8 634 1.34771839801 0.526546863776
counter is 635
1 10 0 0 1 0 -2 90 9 635 1.34771839801 0.526546863776
counter is 636
1 10 0 0 1 0 -2 300 5 636 0.0742556818547 0.469562713811
counter is 637
1 10 0 0 1 0 -2 300 7 637 1.34771839801 0.526546863776
counter is 638
1 10 0 0 1 0 -2 300 8 638 1.34771839801 0.526546863776
counter is 639
1 10 0 0 1 0 -2 300 9 639 1.34771839801 0.526546863776
counter is 640
1 30 0 0 -1 0 -2 10 5 640 0.406262025769 0.36733308097
counter is 641
1 30 0 0 -1 0 -2 10 7 641 0.178232557349 0.283994053975
counter is 642
1 30 0 0 -1 0 -2 10 8 642 0.939176573913 0.408356910198
counter is 643
1 30 0 0 -1 0 -2 10 9 643 0.682418555753 0.524246863776
counter is 644
1 30 0 0 -1 0 -2 30 5 644 0.754093298961 0.440105323938
counter is 645
1 30 0 0 -1 0 -2 30 7 645 0.360048952364 0.349928358609
counter is 646
1 30 0 0 -1 0 -2 30 8 646 0.636942461535 0.523996863776
counter is 647
1 30 0 0 -1 0 -2 30 9 647 0.112621237921 0.522846863776
counter is 648
1 30 0 0 -1 0 -2 90 5 648 0.564765860501 0.450974819452
counter is 649
1 30 0 0 -1 0 -2 90 7 649 0.112621237921 0.522846863776
counter is 650
1 30 0 0 -1 0 -2 90 8 650 0.112621237921 0.522846863776
counter is 651
1 30 0 0 -1 0 -2 90 9 651 0.112621237921 0.522846863776
counter is 652
1 30 0 0 -1 0 -2 300 5 652 1.0336730993 0.491432713811
counter is 653
1 30 0 0 -1 0 -2 300 7 653 0.112621237921 0.522846863776
counter is 654
1 30 0 0 -1 0 -2 300 8 654 0.112621237921 0.522846863776
counter is 655
1 30 0 0 -1 0 -2 300 9 655 0.112621237921 0.522846863776
counter is 656
1 30 0 0 1 0 -2 10 5 656 -0.211531918612 0.21166308097
counter is 657
1 30 0 0 1 0 -2 10 7 657 -0.0729722239625 0.270044053975
counter is 658
1 30 0 0 1 0 -2 10 8 658 -0.451450886087 0.391216910198
counter is 659
1 30 0 0 1 0 -2 10 9 659 0.781593723696 0.525146863776
counter is 660
1 30 0 0 1 0 -2 30 5 660 -0.349374479902 0.330415323938
counter is 661
1 30 0 0 1 0 -2 30 7 661 -0.0409345402906 0.329918358609
counter is 662
1 30 0 0 1 0 -2 30 8 662 0.825958827211 0.525396863776
counter is 663
1 30 0 0 1 0 -2 30 9 663 1.34771839801 0.526546863776
counter is 664
1 30 0 0 1 0 -2 90 5 664 -0.0365932758098 0.333004819452
counter is 665
1 30 0 0 1 0 -2 90 7 665 1.34771839801 0.526546863776
counter is 666
1 30 0 0 1 0 -2 90 8 666 1.34771839801 0.526546863776
counter is 667
1 30 0 0 1 0 -2 90 9 667 1.34771839801 0.526546863776
counter is 668
1 30 0 0 1 0 -2 300 5 668 0.0742556818547 0.469562713811
counter is 669
1 30 0 0 1 0 -2 300 7 669 1.34771839801 0.526546863776
counter is 670
1 30 0 0 1 0 -2 300 8 670 1.34771839801 0.526546863776
counter is 671
1 30 0 0 1 0 -2 300 9 671 1.34771839801 0.526546863776
counter is 672
2 5 0 0 -1 0 -2 10 5 672 0.459237703355 0.41091308097
counter is 673
2 5 0 0 -1 0 -2 10 7 673 0.229754433645 0.292835923218
counter is 674
2 5 0 0 -1 0 -2 10 8 674 0.147107688679 0.285595923218
counter is 675
2 5 0 0 -1 0 -2 10 9 675 0.617016457665 0.523016863776
counter is 676
2 5 0 0 -1 0 -2 30 5 676 1.00999672079 0.509215323938
counter is 677
2 5 0 0 -1 0 -2 30 7 677 -0.0911431094753 0.317005633614
counter is 678
2 5 0 0 -1 0 -2 30 8 678 0.144123822488 0.379330759905
counter is 679
2 5 0 0 -1 0 -2 30 9 679 0.134498300643 0.521126863776
counter is 680
2 5 0 0 -1 0 -2 90 5 680 0.881733735239 0.463824819452
counter is 681
2 5 0 0 -1 0 -2 90 7 681 0.850292907861 0.496970962657
counter is 682
2 5 0 0 -1 0 -2 90 8 682 0.134498300643 0.521126863776
counter is 683
2 5 0 0 -1 0 -2 90 9 683 0.134498300643 0.521126863776
counter is 684
2 5 0 0 -1 0 -2 300 5 684 0.611991866637 0.483082713811
counter is 685
2 5 0 0 -1 0 -2 300 7 685 0.134498300643 0.521126863776
counter is 686
2 5 0 0 -1 0 -2 300 8 686 0.134498300643 0.521126863776
counter is 687
2 5 0 0 -1 0 -2 300 9 687 0.134498300643 0.521126863776
counter is 688
2 5 0 0 1 0 -2 10 5 688 -0.24520996627 0.16808308097
counter is 689
2 5 0 0 1 0 -2 10 7 689 -0.109775335761 0.265325923218
counter is 690
2 5 0 0 1 0 -2 10 8 690 -0.0334305265801 0.272565923218
counter is 691
2 5 0 0 1 0 -2 10 9 691 0.84999782276 0.526366863776
counter is 692
2 5 0 0 1 0 -2 30 5 692 -0.504770150342 0.261305323938
counter is 693
2 5 0 0 1 0 -2 30 7 693 0.460928260995 0.392055633614
counter is 694
2 5 0 0 1 0 -2 30 8 694 0.334265844885 0.388500759905
counter is 695
2 5 0 0 1 0 -2 30 9 695 1.32756837036 0.528266863776
counter is 696
2 5 0 0 1 0 -2 90 5 696 -0.39051540068 0.320154819452
counter is 697
2 5 0 0 1 0 -2 90 7 697 0.294821017121 0.483920962657
counter is 698
2 5 0 0 1 0 -2 90 8 698 1.32756837036 0.528266863776
counter is 699
2 5 0 0 1 0 -2 90 9 699 1.32756837036 0.528266863776
counter is 700
2 5 0 0 1 0 -2 300 5 700 0.509292769758 0.477912713811
counter is 701
2 5 0 0 1 0 -2 300 7 701 1.32756837036 0.528266863776
counter is 702
2 5 0 0 1 0 -2 300 8 702 1.32756837036 0.528266863776
counter is 703
2 5 0 0 1 0 -2 300 9 703 1.32756837036 0.528266863776
counter is 704
2 10 0 0 -1 0 -2 10 5 704 0.459237703355 0.41091308097
counter is 705
2 10 0 0 -1 0 -2 10 7 705 0.229754433645 0.292835923218
counter is 706
2 10 0 0 -1 0 -2 10 8 706 0.147107688679 0.285595923218
counter is 707
2 10 0 0 -1 0 -2 10 9 707 0.617016457665 0.523016863776
counter is 708
2 10 0 0 -1 0 -2 30 5 708 1.00999672079 0.509215323938
counter is 709
2 10 0 0 -1 0 -2 30 7 709 -0.0911431094753 0.317005633614
counter is 710
2 10 0 0 -1 0 -2 30 8 710 0.144123822488 0.379330759905
counter is 711
2 10 0 0 -1 0 -2 30 9 711 0.134498300643 0.521126863776
counter is 712
2 10 0 0 -1 0 -2 90 5 712 0.881733735239 0.463824819452
counter is 713
2 10 0 0 -1 0 -2 90 7 713 0.850292907861 0.496970962657
counter is 714
2 10 0 0 -1 0 -2 90 8 714 0.134498300643 0.521126863776
counter is 715
2 10 0 0 -1 0 -2 90 9 715 0.134498300643 0.521126863776
counter is 716
2 10 0 0 -1 0 -2 300 5 716 0.611991866637 0.483082713811
counter is 717
2 10 0 0 -1 0 -2 300 7 717 0.134498300643 0.521126863776
counter is 718
2 10 0 0 -1 0 -2 300 8 718 0.134498300643 0.521126863776
counter is 719
2 10 0 0 -1 0 -2 300 9 719 0.134498300643 0.521126863776
counter is 720
2 10 0 0 1 0 -2 10 5 720 -0.24520996627 0.16808308097
counter is 721
2 10 0 0 1 0 -2 10 7 721 -0.109775335761 0.265325923218
counter is 722
2 10 0 0 1 0 -2 10 8 722 -0.0334305265801 0.272565923218
counter is 723
2 10 0 0 1 0 -2 10 9 723 0.84999782276 0.526366863776
counter is 724
2 10 0 0 1 0 -2 30 5 724 -0.504770150342 0.261305323938
counter is 725
2 10 0 0 1 0 -2 30 7 725 0.460928260995 0.392055633614
counter is 726
2 10 0 0 1 0 -2 30 8 726 0.334265844885 0.388500759905
counter is 727
2 10 0 0 1 0 -2 30 9 727 1.32756837036 0.528266863776
counter is 728
2 10 0 0 1 0 -2 90 5 728 -0.39051540068 0.320154819452
counter is 729
2 10 0 0 1 0 -2 90 7 729 0.294821017121 0.483920962657
counter is 730
2 10 0 0 1 0 -2 90 8 730 1.32756837036 0.528266863776
counter is 731
2 10 0 0 1 0 -2 90 9 731 1.32756837036 0.528266863776
counter is 732
2 10 0 0 1 0 -2 300 5 732 0.509292769758 0.477912713811
counter is 733
2 10 0 0 1 0 -2 300 7 733 1.32756837036 0.528266863776
counter is 734
2 10 0 0 1 0 -2 300 8 734 1.32756837036 0.528266863776
counter is 735
2 10 0 0 1 0 -2 300 9 735 1.32756837036 0.528266863776
counter is 736
2 30 0 0 -1 0 -2 10 5 736 0.459237703355 0.41091308097
counter is 737
2 30 0 0 -1 0 -2 10 7 737 0.229754433645 0.292835923218
counter is 738
2 30 0 0 -1 0 -2 10 8 738 0.147107688679 0.285595923218
counter is 739
2 30 0 0 -1 0 -2 10 9 739 0.617016457665 0.523016863776
counter is 740
2 30 0 0 -1 0 -2 30 5 740 1.00999672079 0.509215323938
counter is 741
2 30 0 0 -1 0 -2 30 7 741 -0.0911431094753 0.317005633614
counter is 742
2 30 0 0 -1 0 -2 30 8 742 0.144123822488 0.379330759905
counter is 743
2 30 0 0 -1 0 -2 30 9 743 0.134498300643 0.521126863776
counter is 744
2 30 0 0 -1 0 -2 90 5 744 0.881733735239 0.463824819452
counter is 745
2 30 0 0 -1 0 -2 90 7 745 0.850292907861 0.496970962657
counter is 746
2 30 0 0 -1 0 -2 90 8 746 0.134498300643 0.521126863776
counter is 747
2 30 0 0 -1 0 -2 90 9 747 0.134498300643 0.521126863776
counter is 748
2 30 0 0 -1 0 -2 300 5 748 0.611991866637 0.483082713811
counter is 749
2 30 0 0 -1 0 -2 300 7 749 0.134498300643 0.521126863776
counter is 750
2 30 0 0 -1 0 -2 300 8 750 0.134498300643 0.521126863776
counter is 751
2 30 0 0 -1 0 -2 300 9 751 0.134498300643 0.521126863776
counter is 752
2 30 0 0 1 0 -2 10 5 752 -0.24520996627 0.16808308097
counter is 753
2 30 0 0 1 0 -2 10 7 753 -0.109775335761 0.265325923218
counter is 754
2 30 0 0 1 0 -2 10 8 754 -0.0334305265801 0.272565923218
counter is 755
2 30 0 0 1 0 -2 10 9 755 0.84999782276 0.526366863776
counter is 756
2 30 0 0 1 0 -2 30 5 756 -0.504770150342 0.261305323938
counter is 757
2 30 0 0 1 0 -2 30 7 757 0.460928260995 0.392055633614
counter is 758
2 30 0 0 1 0 -2 30 8 758 0.334265844885 0.388500759905
counter is 759
2 30 0 0 1 0 -2 30 9 759 1.32756837036 0.528266863776
counter is 760
2 30 0 0 1 0 -2 90 5 760 -0.39051540068 0.320154819452
counter is 761
2 30 0 0 1 0 -2 90 7 761 0.294821017121 0.483920962657
counter is 762
2 30 0 0 1 0 -2 90 8 762 1.32756837036 0.528266863776
counter is 763
2 30 0 0 1 0 -2 90 9 763 1.32756837036 0.528266863776
counter is 764
2 30 0 0 1 0 -2 300 5 764 0.509292769758 0.477912713811
counter is 765
2 30 0 0 1 0 -2 300 7 765 1.32756837036 0.528266863776
counter is 766
2 30 0 0 1 0 -2 300 8 766 1.32756837036 0.528266863776
counter is 767
2 30 0 0 1 0 -2 300 9 767 1.32756837036 0.528266863776
counter is 768
10 5 0 0 -1 0 -2 10 5 768 0.99529887563 0.59920308097
counter is 769
10 5 0 0 -1 0 -2 10 7 769 0.54891456927 0.50881308097
counter is 770
10 5 0 0 -1 0 -2 10 8 770 0.446299071329 0.414046962979
counter is 771
10 5 0 0 -1 0 -2 10 9 771 1.07461304812 0.539496863776
counter is 772
10 5 0 0 -1 0 -2 30 5 772 1.97042906089 0.774825323938
counter is 773
10 5 0 0 -1 0 -2 30 7 773 0.0169545784127 0.339295323938
counter is 774
10 5 0 0 -1 0 -2 30 8 774 0.101304029442 0.362925323938
counter is 775
10 5 0 0 -1 0 -2 30 9 775 0.48471477012 0.522566863776
counter is 776
10 5 0 0 -1 0 -2 90 5 776 0.67237181545 0.497554819452
counter is 777
10 5 0 0 -1 0 -2 90 7 777 0.386460644228 0.415204819452
counter is 778
10 5 0 0 -1 0 -2 90 8 778 0.460190278318 0.431334819452
counter is 779
10 5 0 0 -1 0 -2 90 9 779 0.146889524251 0.519446863776
counter is 780
10 5 0 0 -1 0 -2 300 5 780 0.832889313624 0.525653165316
counter is 781
10 5 0 0 -1 0 -2 300 7 781 0.436521968262 0.465932713811
counter is 782
10 5 0 0 -1 0 -2 300 8 782 0.37426722923 0.467462713811
counter is 783
10 5 0 0 -1 0 -2 300 9 783 0.135284634011 0.512186863776
counter is 784
10 5 0 0 1 0 -2 10 5 784 -0.459928529832 -0.0202069190299
counter is 785
10 5 0 0 1 0 -2 10 7 785 -0.29086531932 0.0701830809701
counter is 786
10 5 0 0 1 0 -2 10 8 786 -0.229558447284 0.164436962979
counter is 787
10 5 0 0 1 0 -2 10 9 787 0.416082562544 0.509886863776
counter is 788
10 5 0 0 1 0 -2 30 5 788 -1.37466583888 -0.00430467606161
counter is 789
10 5 0 0 1 0 -2 30 7 789 0.436212909873 0.431225323938
counter is 790
10 5 0 0 1 0 -2 30 8 790 0.333055122326 0.407595323938
counter is 791
10 5 0 0 1 0 -2 30 9 791 0.979165980438 0.526826863776
counter is 792
10 5 0 0 1 0 -2 90 5 792 -0.0567928804318 0.286424819452
counter is 793
10 5 0 0 1 0 -2 90 7 793 0.140935504625 0.368774819452
counter is 794
10 5 0 0 1 0 -2 90 8 794 0.0817219958285 0.352644819452
counter is 795
10 5 0 0 1 0 -2 90 9 795 1.31688209617 0.529946863776
counter is 796
10 5 0 0 1 0 -2 300 5 796 0.367556997637 0.435352713811
counter is 797
10 5 0 0 1 0 -2 300 7 797 0.713463851662 0.495062713811
counter is 798
10 5 0 0 1 0 -2 300 8 798 0.756378417104 0.493532713811
counter is 799
10 5 0 0 1 0 -2 300 9 799 1.33563233297 0.537206863776
counter is 800
10 10 0 0 -1 0 -2 10 5 800 0.99529887563 0.59920308097
counter is 801
10 10 0 0 -1 0 -2 10 7 801 0.54891456927 0.50881308097
counter is 802
10 10 0 0 -1 0 -2 10 8 802 0.446299071329 0.414046962979
counter is 803
10 10 0 0 -1 0 -2 10 9 803 1.07461304812 0.539496863776
counter is 804
10 10 0 0 -1 0 -2 30 5 804 1.97042906089 0.774825323938
counter is 805
10 10 0 0 -1 0 -2 30 7 805 0.0169545784127 0.339295323938
counter is 806
10 10 0 0 -1 0 -2 30 8 806 0.101304029442 0.362925323938
counter is 807
10 10 0 0 -1 0 -2 30 9 807 0.48471477012 0.522566863776
counter is 808
10 10 0 0 -1 0 -2 90 5 808 0.67237181545 0.497554819452
counter is 809
10 10 0 0 -1 0 -2 90 7 809 0.386460644228 0.415204819452
counter is 810
10 10 0 0 -1 0 -2 90 8 810 0.460190278318 0.431334819452
counter is 811
10 10 0 0 -1 0 -2 90 9 811 0.146889524251 0.519446863776
counter is 812
10 10 0 0 -1 0 -2 300 5 812 0.832889313624 0.525653165316
counter is 813
10 10 0 0 -1 0 -2 300 7 813 0.436521968262 0.465932713811
counter is 814
10 10 0 0 -1 0 -2 300 8 814 0.37426722923 0.467462713811
counter is 815
10 10 0 0 -1 0 -2 300 9 815 0.135284634011 0.512186863776
counter is 816
10 10 0 0 1 0 -2 10 5 816 -0.459928529832 -0.0202069190299
counter is 817
10 10 0 0 1 0 -2 10 7 817 -0.29086531932 0.0701830809701
counter is 818
10 10 0 0 1 0 -2 10 8 818 -0.229558447284 0.164436962979
counter is 819
10 10 0 0 1 0 -2 10 9 819 0.416082562544 0.509886863776
counter is 820
10 10 0 0 1 0 -2 30 5 820 -1.37466583888 -0.00430467606161
counter is 821
10 10 0 0 1 0 -2 30 7 821 0.436212909873 0.431225323938
counter is 822
10 10 0 0 1 0 -2 30 8 822 0.333055122326 0.407595323938
counter is 823
10 10 0 0 1 0 -2 30 9 823 0.979165980438 0.526826863776
counter is 824
10 10 0 0 1 0 -2 90 5 824 -0.0567928804318 0.286424819452
counter is 825
10 10 0 0 1 0 -2 90 7 825 0.140935504625 0.368774819452
counter is 826
10 10 0 0 1 0 -2 90 8 826 0.0817219958285 0.352644819452
counter is 827
10 10 0 0 1 0 -2 90 9 827 1.31688209617 0.529946863776
counter is 828
10 10 0 0 1 0 -2 300 5 828 0.367556997637 0.435352713811
counter is 829
10 10 0 0 1 0 -2 300 7 829 0.713463851662 0.495062713811
counter is 830
10 10 0 0 1 0 -2 300 8 830 0.756378417104 0.493532713811
counter is 831
10 10 0 0 1 0 -2 300 9 831 1.33563233297 0.537206863776
counter is 832
10 30 0 0 -1 0 -2 10 5 832 0.99529887563 0.59920308097
counter is 833
10 30 0 0 -1 0 -2 10 7 833 0.54891456927 0.50881308097
counter is 834
10 30 0 0 -1 0 -2 10 8 834 0.446299071329 0.414046962979
counter is 835
10 30 0 0 -1 0 -2 10 9 835 1.07461304812 0.539496863776
counter is 836
10 30 0 0 -1 0 -2 30 5 836 1.97042906089 0.774825323938
counter is 837
10 30 0 0 -1 0 -2 30 7 837 0.0169545784127 0.339295323938
counter is 838
10 30 0 0 -1 0 -2 30 8 838 0.101304029442 0.362925323938
counter is 839
10 30 0 0 -1 0 -2 30 9 839 0.48471477012 0.522566863776
counter is 840
10 30 0 0 -1 0 -2 90 5 840 0.67237181545 0.497554819452
counter is 841
10 30 0 0 -1 0 -2 90 7 841 0.386460644228 0.415204819452
counter is 842
10 30 0 0 -1 0 -2 90 8 842 0.460190278318 0.431334819452
counter is 843
10 30 0 0 -1 0 -2 90 9 843 0.146889524251 0.519446863776
counter is 844
10 30 0 0 -1 0 -2 300 5 844 0.832889313624 0.525653165316
counter is 845
10 30 0 0 -1 0 -2 300 7 845 0.436521968262 0.465932713811
counter is 846
10 30 0 0 -1 0 -2 300 8 846 0.37426722923 0.467462713811
counter is 847
10 30 0 0 -1 0 -2 300 9 847 0.135284634011 0.512186863776
counter is 848
10 30 0 0 1 0 -2 10 5 848 -0.459928529832 -0.0202069190299
counter is 849
10 30 0 0 1 0 -2 10 7 849 -0.29086531932 0.0701830809701
counter is 850
10 30 0 0 1 0 -2 10 8 850 -0.229558447284 0.164436962979
counter is 851
10 30 0 0 1 0 -2 10 9 851 0.416082562544 0.509886863776
counter is 852
10 30 0 0 1 0 -2 30 5 852 -1.37466583888 -0.00430467606161
counter is 853
10 30 0 0 1 0 -2 30 7 853 0.436212909873 0.431225323938
counter is 854
10 30 0 0 1 0 -2 30 8 854 0.333055122326 0.407595323938
counter is 855
10 30 0 0 1 0 -2 30 9 855 0.979165980438 0.526826863776
counter is 856
10 30 0 0 1 0 -2 90 5 856 -0.0567928804318 0.286424819452
counter is 857
10 30 0 0 1 0 -2 90 7 857 0.140935504625 0.368774819452
counter is 858
10 30 0 0 1 0 -2 90 8 858 0.0817219958285 0.352644819452
counter is 859
10 30 0 0 1 0 -2 90 9 859 1.31688209617 0.529946863776
counter is 860
10 30 0 0 1 0 -2 300 5 860 0.367556997637 0.435352713811
counter is 861
10 30 0 0 1 0 -2 300 7 861 0.713463851662 0.495062713811
counter is 862
10 30 0 0 1 0 -2 300 8 862 0.756378417104 0.493532713811
counter is 863
10 30 0 0 1 0 -2 300 9 863 1.33563233297 0.537206863776
counter is 864
1 5 0 0 -1 0 -1 10 5 864 0.886007485555 0.35848308097
counter is 865
1 5 0 0 -1 0 -1 10 7 865 0.0535517987179 0.28894308097
counter is 866
1 5 0 0 -1 0 -1 10 8 866 -0.190647897315 0.27989308097
counter is 867
1 5 0 0 -1 0 -1 10 9 867 -0.176383630727 0.505736863776
counter is 868
1 5 0 0 -1 0 -1 30 5 868 0.512037521089 0.412595323938
counter is 869
1 5 0 0 -1 0 -1 30 7 869 0.218841771804 0.386745323938
counter is 870
1 5 0 0 -1 0 -1 30 8 870 0.782799610301 0.410498196792
counter is 871
1 5 0 0 -1 0 -1 30 9 871 1.23070613911 0.530546863776
counter is 872
1 5 0 0 -1 0 -1 90 5 872 1.07401917655 0.446774819452
counter is 873
1 5 0 0 -1 0 -1 90 7 873 1.1018257779 0.415284819452
counter is 874
1 5 0 0 -1 0 -1 90 8 874 1.34846414118 0.415414819452
counter is 875
1 5 0 0 -1 0 -1 90 9 875 0.917369064672 0.526746863776
counter is 876
1 5 0 0 -1 0 -1 300 5 876 0.906581332425 0.496722713811
counter is 877
1 5 0 0 -1 0 -1 300 7 877 1.59749013616 0.542876863776
counter is 878
1 5 0 0 -1 0 -1 300 8 878 0.619797472162 0.531931385502
counter is 879
1 5 0 0 -1 0 -1 300 9 879 0.627981028048 0.522646863776
counter is 880
1 5 0 0 1 0 -1 10 5 880 0.773804854013 0.35106308097
counter is 881
1 5 0 0 1 0 -1 10 7 881 0.797651764195 0.339160428687
counter is 882
1 5 0 0 1 0 -1 10 8 882 0.886518795205 0.321666962979
counter is 883
1 5 0 0 1 0 -1 10 9 883 0.438246837997 0.311696413676
counter is 884
1 5 0 0 1 0 -1 30 5 884 0.212837353786 0.386885323938
counter is 885
1 5 0 0 1 0 -1 30 7 885 0.791768841796 0.407230349872
counter is 886
1 5 0 0 1 0 -1 30 8 886 0.756859140126 0.402520349872
counter is 887
1 5 0 0 1 0 -1 30 9 887 1.29626745307 0.427455161564
counter is 888
1 5 0 0 1 0 -1 90 5 888 0.433499961435 0.404674819452
counter is 889
1 5 0 0 1 0 -1 90 7 889 0.0719817150782 0.387844819452
counter is 890
1 5 0 0 1 0 -1 90 8 890 -0.317827833608 0.394142658437
counter is 891
1 5 0 0 1 0 -1 90 9 891 -0.259415380026 0.385613457148
counter is 892
1 5 0 0 1 0 -1 300 5 892 0.633392863624 0.483952713811
counter is 893
1 5 0 0 1 0 -1 300 7 893 0.324594891481 0.482145472414
counter is 894
1 5 0 0 1 0 -1 300 8 894 1.57432523009 0.491012713811
counter is 895
1 5 0 0 1 0 -1 300 9 895 0.547345502814 0.476085454642
counter is 896
1 10 0 0 -1 0 -1 10 5 896 0.740157187635 0.39272308097
counter is 897
1 10 0 0 -1 0 -1 10 7 897 0.225806585385 0.30287308097
counter is 898
1 10 0 0 -1 0 -1 10 8 898 0.0887233379511 0.29085308097
counter is 899
1 10 0 0 -1 0 -1 10 9 899 0.39176229277 0.512796863776
counter is 900
1 10 0 0 -1 0 -1 30 5 900 0.665491865371 0.455835323938
counter is 901
1 10 0 0 -1 0 -1 30 7 901 0.452934548923 0.407075323938
counter is 902
1 10 0 0 -1 0 -1 30 8 902 1.05257981103 0.437298196792
counter is 903
1 10 0 0 -1 0 -1 30 9 903 0.689940899154 0.523786863776
counter is 904
1 10 0 0 -1 0 -1 90 5 904 0.96957169395 0.482354819452
counter is 905
1 10 0 0 -1 0 -1 90 7 905 0.768945528896 0.417304819452
counter is 906
1 10 0 0 -1 0 -1 90 8 906 0.74765882219 0.411634819452
counter is 907
1 10 0 0 -1 0 -1 90 9 907 0.560611955307 0.521116863776
counter is 908
1 10 0 0 -1 0 -1 300 5 908 0.761687797001 0.497462713811
counter is 909
1 10 0 0 -1 0 -1 300 7 909 1.51581589479 0.549656863776
counter is 910
1 10 0 0 -1 0 -1 300 8 910 0.522527147817 0.527981385502
counter is 911
1 10 0 0 -1 0 -1 300 9 911 0.256674354524 0.509906863776
counter is 912
1 10 0 0 1 0 -1 10 5 912 0.574907838643 0.36972308097
counter is 913
1 10 0 0 1 0 -1 10 7 913 0.566386513668 0.346280428687
counter is 914
1 10 0 0 1 0 -1 10 8 914 0.83531304344 0.340386962979
counter is 915
1 10 0 0 1 0 -1 10 9 915 1.04554400821 0.352206413676
counter is 916
1 10 0 0 1 0 -1 30 5 916 0.356510800125 0.407695323938
counter is 917
1 10 0 0 1 0 -1 30 7 917 0.862644394491 0.425780349872
counter is 918
1 10 0 0 1 0 -1 30 8 918 0.725396685325 0.413020349872
counter is 919
1 10 0 0 1 0 -1 30 9 919 1.11105100931 0.432115161564
counter is 920
1 10 0 0 1 0 -1 90 5 920 0.776317167227 0.457514819452
counter is 921
1 10 0 0 1 0 -1 90 7 921 0.335238737436 0.396564819452
counter is 922
1 10 0 0 1 0 -1 90 8 922 -0.0324989924622 0.394782658437
counter is 923
1 10 0 0 1 0 -1 90 9 923 0.123070647269 0.389073457148
counter is 924
1 10 0 0 1 0 -1 300 5 924 0.634791573991 0.486232713811
counter is 925
1 10 0 0 1 0 -1 300 7 925 0.532094618864 0.479962713811
counter is 926
1 10 0 0 1 0 -1 300 8 926 1.60933280886 0.500212713811
counter is 927
1 10 0 0 1 0 -1 300 9 927 0.540175154943 0.476045454642
counter is 928
1 30 0 0 -1 0 -1 10 5 928 0.558902208804 0.47503308097
counter is 929
1 30 0 0 -1 0 -1 10 7 929 0.408357992621 0.36383308097
counter is 930
1 30 0 0 -1 0 -1 10 8 930 0.294321385944 0.32435308097
counter is 931
1 30 0 0 -1 0 -1 10 9 931 0.10482665173 0.470116863776
counter is 932
1 30 0 0 -1 0 -1 30 5 932 0.576545666011 0.524725323938
counter is 933
1 30 0 0 -1 0 -1 30 7 933 0.340192389153 0.412355323938
counter is 934
1 30 0 0 -1 0 -1 30 8 934 0.584992518733 0.446338196792
counter is 935
1 30 0 0 -1 0 -1 30 9 935 0.581327836929 0.515916863776
counter is 936
1 30 0 0 -1 0 -1 90 5 936 0.70427444202 0.534784819452
counter is 937
1 30 0 0 -1 0 -1 90 7 937 0.00174096970086 0.358624819452
counter is 938
1 30 0 0 -1 0 -1 90 8 938 0.493566766024 0.415584819452
counter is 939
1 30 0 0 -1 0 -1 90 9 939 1.22752684426 0.545106863776
counter is 940
1 30 0 0 -1 0 -1 300 5 940 0.530996955533 0.462282713811
counter is 941
1 30 0 0 -1 0 -1 300 7 941 1.13130243759 0.555026863776
counter is 942
1 30 0 0 -1 0 -1 300 8 942 0.592495593818 0.523031385502
counter is 943
1 30 0 0 -1 0 -1 300 9 943 0.361355055743 0.498646863776
counter is 944
1 30 0 0 1 0 -1 10 5 944 0.459752449306 0.43715308097
counter is 945
1 30 0 0 1 0 -1 10 7 945 0.546286122674 0.412110428687
counter is 946
1 30 0 0 1 0 -1 10 8 946 0.638268601959 0.394076962979
counter is 947
1 30 0 0 1 0 -1 10 9 947 0.795503815786 0.394456413676
counter is 948
1 30 0 0 1 0 -1 30 5 948 0.448208629393 0.469665323938
counter is 949
1 30 0 0 1 0 -1 30 7 949 0.696180854507 0.466890349872
counter is 950
1 30 0 0 1 0 -1 30 8 950 0.586771853637 0.440880349872
counter is 951
1 30 0 0 1 0 -1 30 9 951 0.683111209994 0.442685161564
counter is 952
1 30 0 0 1 0 -1 90 5 952 0.6221239234 0.508344819452
counter is 953
1 30 0 0 1 0 -1 90 7 953 -0.0958271568394 0.345514819452
counter is 954
1 30 0 0 1 0 -1 90 8 954 0.113772880439 0.390582658437
counter is 955
1 30 0 0 1 0 -1 90 9 955 0.244168568206 0.391983457148
counter is 956
1 30 0 0 1 0 -1 300 5 956 0.484823584735 0.451622713811
counter is 957
1 30 0 0 1 0 -1 300 7 957 0.321055738867 0.471802713811
counter is 958
1 30 0 0 1 0 -1 300 8 958 0.993762249414 0.499892713811
counter is 959
1 30 0 0 1 0 -1 300 9 959 0.506548740497 0.475465454642
counter is 960
2 5 0 0 -1 0 -1 10 5 960 0.75351899644 0.36038308097
counter is 961
2 5 0 0 -1 0 -1 10 7 961 0.251456530634 0.30093308097
counter is 962
2 5 0 0 -1 0 -1 10 8 962 0.160443389789 0.29389308097
counter is 963
2 5 0 0 -1 0 -1 10 9 963 0.0037158343344 0.503406863776
counter is 964
2 5 0 0 -1 0 -1 30 5 964 0.662461059488 0.430655323938
counter is 965
2 5 0 0 -1 0 -1 30 7 965 0.708102841056 0.413075323938
counter is 966
2 5 0 0 -1 0 -1 30 8 966 0.657480710255 0.410428196792
counter is 967
2 5 0 0 -1 0 -1 30 9 967 1.49448573433 0.537746863776
counter is 968
2 5 0 0 -1 0 -1 90 5 968 1.18632510346 0.463874819452
counter is 969
2 5 0 0 -1 0 -1 90 7 969 1.07779603264 0.424904819452
counter is 970
2 5 0 0 -1 0 -1 90 8 970 0.934316227135 0.413454819452
counter is 971
2 5 0 0 -1 0 -1 90 9 971 0.485443906676 0.520266863776
counter is 972
2 5 0 0 -1 0 -1 300 5 972 0.994198127517 0.500852713811
counter is 973
2 5 0 0 -1 0 -1 300 7 973 1.4487180419 0.543156863776
counter is 974
2 5 0 0 -1 0 -1 300 8 974 0.697977697067 0.533141385502
counter is 975
2 5 0 0 -1 0 -1 300 9 975 0.6537271035 0.521866863776
counter is 976
2 5 0 0 1 0 -1 10 5 976 0.778298868416 0.36072308097
counter is 977
2 5 0 0 1 0 -1 10 7 977 0.770895039053 0.33185308097
counter is 978
2 5 0 0 1 0 -1 10 8 978 0.910228194691 0.335026962979
counter is 979
2 5 0 0 1 0 -1 10 9 979 0.497277873117 0.30793308097
counter is 980
2 5 0 0 1 0 -1 30 5 980 0.24240509757 0.389735323938
counter is 981
2 5 0 0 1 0 -1 30 7 981 0.480457964245 0.400690349872
counter is 982
2 5 0 0 1 0 -1 30 8 982 0.686406446529 0.406010349872
counter is 983
2 5 0 0 1 0 -1 30 9 983 1.02011180667 0.425595161564
counter is 984
2 5 0 0 1 0 -1 90 5 984 0.350181798776 0.399774819452
counter is 985
2 5 0 0 1 0 -1 90 7 985 -0.160513567725 0.379614819452
counter is 986
2 5 0 0 1 0 -1 90 8 986 -0.438828653612 0.386272658437
counter is 987
2 5 0 0 1 0 -1 90 9 987 -0.389655647733 0.379463457148
counter is 988
2 5 0 0 1 0 -1 300 5 988 0.568453997629 0.480902713811
counter is 989
2 5 0 0 1 0 -1 300 7 989 -0.175311285175 0.475808677873
counter is 990
2 5 0 0 1 0 -1 300 8 990 1.83594370639 0.497222713811
counter is 991
2 5 0 0 1 0 -1 300 9 991 1.06577934981 0.479475454642
counter is 992
2 10 0 0 -1 0 -1 10 5 992 0.694438080349 0.40577308097
counter is 993
2 10 0 0 -1 0 -1 10 7 993 0.380020126738 0.32243308097
counter is 994
2 10 0 0 -1 0 -1 10 8 994 0.301916950784 0.30790308097
counter is 995
2 10 0 0 -1 0 -1 10 9 995 0.507093485213 0.514036863776
counter is 996
2 10 0 0 -1 0 -1 30 5 996 0.914114529642 0.506665323938
counter is 997
2 10 0 0 -1 0 -1 30 7 997 0.680597502498 0.434395323938
counter is 998
2 10 0 0 -1 0 -1 30 8 998 0.728689742821 0.428568196792
counter is 999
2 10 0 0 -1 0 -1 30 9 999 0.464516528047 0.515876863776
counter is 1000
2 10 0 0 -1 0 -1 90 5 1000 1.09556416391 0.511894819452
counter is 1001
2 10 0 0 -1 0 -1 90 7 1001 0.703058967789 0.423204819452
counter is 1002
2 10 0 0 -1 0 -1 90 8 1002 0.760909208236 0.420224819452
counter is 1003
2 10 0 0 -1 0 -1 90 9 1003 0.431775917373 0.515756863776
counter is 1004
2 10 0 0 -1 0 -1 300 5 1004 0.753443688718 0.496962713811
counter is 1005
2 10 0 0 -1 0 -1 300 7 1005 1.11950437171 0.539886863776
counter is 1006
2 10 0 0 -1 0 -1 300 8 1006 0.606482190391 0.528531385502
counter is 1007
2 10 0 0 -1 0 -1 300 9 1007 0.45724405714 0.509806863776
counter is 1008
2 10 0 0 1 0 -1 10 5 1008 0.457598894488 0.35961308097
counter is 1009
2 10 0 0 1 0 -1 10 7 1009 0.435180266648 0.33001308097
counter is 1010
2 10 0 0 1 0 -1 10 8 1010 0.671767971303 0.345816962979
counter is 1011
2 10 0 0 1 0 -1 10 9 1011 0.709137559893 0.33858308097
counter is 1012
2 10 0 0 1 0 -1 30 5 1012 0.308536374781 0.402215323938
counter is 1013
2 10 0 0 1 0 -1 30 7 1013 0.540415229322 0.415970349872
counter is 1014
2 10 0 0 1 0 -1 30 8 1014 0.77727831696 0.426120349872
counter is 1015
2 10 0 0 1 0 -1 30 9 1015 1.02297387322 0.438705161564
counter is 1016
2 10 0 0 1 0 -1 90 5 1016 0.660734024506 0.447344819452
counter is 1017
2 10 0 0 1 0 -1 90 7 1017 0.118314797517 0.384084819452
counter is 1018
2 10 0 0 1 0 -1 90 8 1018 0.0803067847656 0.396832658437
counter is 1019
2 10 0 0 1 0 -1 90 9 1019 0.279699317862 0.393283457148
counter is 1020
2 10 0 0 1 0 -1 300 5 1020 0.673525690351 0.489602713811
counter is 1021
2 10 0 0 1 0 -1 300 7 1021 0.171379292789 0.471462713811
counter is 1022
2 10 0 0 1 0 -1 300 8 1022 1.56558694603 0.502592713811
counter is 1023
2 10 0 0 1 0 -1 300 9 1023 0.751582640363 0.478075454642
counter is 1024
2 30 0 0 -1 0 -1 10 5 1024 0.55904545051 0.50526308097
counter is 1025
2 30 0 0 -1 0 -1 10 7 1025 0.409820597997 0.38029308097
counter is 1026
2 30 0 0 -1 0 -1 10 8 1026 0.360227500421 0.34892308097
counter is 1027
2 30 0 0 -1 0 -1 10 9 1027 0.245769410879 0.467776863776
counter is 1028
2 30 0 0 -1 0 -1 30 5 1028 0.596113557227 0.546895323938
counter is 1029
2 30 0 0 -1 0 -1 30 7 1029 0.56310719678 0.476785323938
counter is 1030
2 30 0 0 -1 0 -1 30 8 1030 0.488176772758 0.444008196792
counter is 1031
2 30 0 0 -1 0 -1 30 9 1031 0.648436163204 0.516206863776
counter is 1032
2 30 0 0 -1 0 -1 90 5 1032 0.761957650182 0.572144819452
counter is 1033
2 30 0 0 -1 0 -1 90 7 1033 0.167059013734 0.375084819452
counter is 1034
2 30 0 0 -1 0 -1 90 8 1034 0.646048262014 0.443004819452
counter is 1035
2 30 0 0 -1 0 -1 90 9 1035 1.16253763818 0.548616863776
counter is 1036
2 30 0 0 -1 0 -1 300 5 1036 0.520582847414 0.459442713811
counter is 1037
2 30 0 0 -1 0 -1 300 7 1037 1.0198369191 0.551056863776
counter is 1038
2 30 0 0 -1 0 -1 300 8 1038 0.583823669971 0.514131385502
counter is 1039
2 30 0 0 -1 0 -1 300 9 1039 0.481411821985 0.495136863776
counter is 1040
2 30 0 0 1 0 -1 10 5 1040 0.43131794721 0.44169308097
counter is 1041
2 30 0 0 1 0 -1 10 7 1041 0.508033099203 0.42036308097
counter is 1042
2 30 0 0 1 0 -1 10 8 1042 0.637975151448 0.435806962979
counter is 1043
2 30 0 0 1 0 -1 10 9 1043 0.494641963715 0.36655308097
counter is 1044
2 30 0 0 1 0 -1 30 5 1044 0.318073291249 0.414145323938
counter is 1045
2 30 0 0 1 0 -1 30 7 1045 0.432174127488 0.436900349872
counter is 1046
2 30 0 0 1 0 -1 30 8 1046 0.410984737706 0.425360349872
counter is 1047
2 30 0 0 1 0 -1 30 9 1047 0.641328962244 0.449865161564
counter is 1048
2 30 0 0 1 0 -1 90 5 1048 0.60680913171 0.509524819452
counter is 1049
2 30 0 0 1 0 -1 90 7 1049 -0.143051982115 0.320324819452
counter is 1050
2 30 0 0 1 0 -1 90 8 1050 0.0964072996083 0.380992658437
counter is 1051
2 30 0 0 1 0 -1 90 9 1051 0.242250600471 0.391493457148
counter is 1052
2 30 0 0 1 0 -1 300 5 1052 0.485643669804 0.452162713811
counter is 1053
2 30 0 0 1 0 -1 300 7 1053 0.223195243739 0.462602713811
counter is 1054
2 30 0 0 1 0 -1 300 8 1054 0.981742695644 0.501722713811
counter is 1055
2 30 0 0 1 0 -1 300 9 1055 0.454166855164 0.474105454642
counter is 1056
10 5 0 0 -1 0 -1 10 5 1056 0.767658373861 0.41468308097
counter is 1057
10 5 0 0 -1 0 -1 10 7 1057 0.403994004341 0.33306308097
counter is 1058
10 5 0 0 -1 0 -1 10 8 1058 0.223926909988 0.30485308097
counter is 1059
10 5 0 0 -1 0 -1 10 9 1059 -0.251116642984 0.27054308097
counter is 1060
10 5 0 0 -1 0 -1 30 5 1060 1.38988061102 0.559135323938
counter is 1061
10 5 0 0 -1 0 -1 30 7 1061 0.489498378803 0.414995323938
counter is 1062
10 5 0 0 -1 0 -1 30 8 1062 0.468417283566 0.405935323938
counter is 1063
10 5 0 0 -1 0 -1 30 9 1063 0.124345098278 0.382975323938
counter is 1064
10 5 0 0 -1 0 -1 90 5 1064 1.2229608741 0.489504819452
counter is 1065
10 5 0 0 -1 0 -1 90 7 1065 1.20508913013 0.462324819452
counter is 1066
10 5 0 0 -1 0 -1 90 8 1066 0.952998071048 0.438874819452
counter is 1067
10 5 0 0 -1 0 -1 90 9 1067 0.639187556867 0.410044819452
counter is 1068
10 5 0 0 -1 0 -1 300 5 1068 0.78826901714 0.493222713811
counter is 1069
10 5 0 0 -1 0 -1 300 7 1069 1.21634099982 0.509472713811
counter is 1070
10 5 0 0 -1 0 -1 300 8 1070 0.575888161759 0.481262713811
counter is 1071
10 5 0 0 -1 0 -1 300 9 1071 0.716975386259 0.488082713811
counter is 1072
10 5 0 0 1 0 -1 10 5 1072 -0.0199103036266 0.27078308097
counter is 1073
10 5 0 0 1 0 -1 10 7 1073 0.272608925135 0.31366308097
counter is 1074
10 5 0 0 1 0 -1 10 8 1074 0.408159112953 0.32116308097
counter is 1075
10 5 0 0 1 0 -1 10 9 1075 0.697393770648 0.32699308097
counter is 1076
10 5 0 0 1 0 -1 30 5 1076 -0.0977564786876 0.343155323938
counter is 1077
10 5 0 0 1 0 -1 30 7 1077 -0.0769863192454 0.361165323938
counter is 1078
10 5 0 0 1 0 -1 30 8 1078 0.289015408349 0.391925390539
counter is 1079
10 5 0 0 1 0 -1 30 9 1079 0.403475900192 0.395115323938
counter is 1080
10 5 0 0 1 0 -1 90 5 1080 0.366261834002 0.403334819452
counter is 1081
10 5 0 0 1 0 -1 90 7 1081 0.0505536096448 0.381554819452
counter is 1082
10 5 0 0 1 0 -1 90 8 1082 0.219308838699 0.391154819452
counter is 1083
10 5 0 0 1 0 -1 90 9 1083 0.779866638771 0.409584819452
counter is 1084
10 5 0 0 1 0 -1 300 5 1084 0.735713087093 0.490292713811
counter is 1085
10 5 0 0 1 0 -1 300 7 1085 0.786895143399 0.486492713811
counter is 1086
10 5 0 0 1 0 -1 300 8 1086 1.73988804712 0.502682713811
counter is 1087
10 5 0 0 1 0 -1 300 9 1087 0.739189407424 0.482392713811
counter is 1088
10 10 0 0 -1 0 -1 10 5 1088 0.756567562131 0.50420308097
counter is 1089
10 10 0 0 -1 0 -1 10 7 1089 0.429321686184 0.37164308097
counter is 1090
10 10 0 0 -1 0 -1 10 8 1090 0.448570407909 0.35716308097
counter is 1091
10 10 0 0 -1 0 -1 10 9 1091 -0.156982621274 0.26292308097
counter is 1092
10 10 0 0 -1 0 -1 30 5 1092 1.21954860333 0.649185323938
counter is 1093
10 10 0 0 -1 0 -1 30 7 1093 0.801900149804 0.497075323938
counter is 1094
10 10 0 0 -1 0 -1 30 8 1094 0.42706524017 0.416845323938
counter is 1095
10 10 0 0 -1 0 -1 30 9 1095 -0.0702203720714 0.365265323938
counter is 1096
10 10 0 0 -1 0 -1 90 5 1096 0.907250347512 0.512784819452
counter is 1097
10 10 0 0 -1 0 -1 90 7 1097 1.12934331631 0.503194819452
counter is 1098
10 10 0 0 -1 0 -1 90 8 1098 0.858221891494 0.457794819452
counter is 1099
10 10 0 0 -1 0 -1 90 9 1099 0.675372217912 0.421774819452
counter is 1100
10 10 0 0 -1 0 -1 300 5 1100 0.657950261738 0.489492713811
counter is 1101
10 10 0 0 -1 0 -1 300 7 1101 0.908465307357 0.508982713811
counter is 1102
10 10 0 0 -1 0 -1 300 8 1102 0.404884885392 0.465022713811
counter is 1103
10 10 0 0 -1 0 -1 300 9 1103 0.412904098652 0.469242713811
counter is 1104
10 10 0 0 1 0 -1 10 5 1104 0.0194615120649 0.25728308097
counter is 1105
10 10 0 0 1 0 -1 10 7 1105 0.123529536025 0.29626308097
counter is 1106
10 10 0 0 1 0 -1 10 8 1106 0.127840532578 0.29705308097
counter is 1107
10 10 0 0 1 0 -1 10 9 1107 0.405700354709 0.32610308097
counter is 1108
10 10 0 0 1 0 -1 30 5 1108 -0.199492974252 0.267785323938
counter is 1109
10 10 0 0 1 0 -1 30 7 1109 -0.0134907348671 0.349345323938
counter is 1110
10 10 0 0 1 0 -1 30 8 1110 0.146281648746 0.378695258238
counter is 1111
10 10 0 0 1 0 -1 30 9 1111 0.0228112689427 0.371335323938
counter is 1112
10 10 0 0 1 0 -1 90 5 1112 0.423320719939 0.421774819452
counter is 1113
10 10 0 0 1 0 -1 90 7 1113 -0.104676058211 0.354544819452
counter is 1114
10 10 0 0 1 0 -1 90 8 1114 0.0879175325003 0.378704819452
counter is 1115
10 10 0 0 1 0 -1 90 9 1115 0.700895462373 0.417944819452
counter is 1116
10 10 0 0 1 0 -1 300 5 1116 0.631576544874 0.486422713811
counter is 1117
10 10 0 0 1 0 -1 300 7 1117 1.20491316735 0.510682713811
counter is 1118
10 10 0 0 1 0 -1 300 8 1118 1.70496839322 0.521382713811
counter is 1119
10 10 0 0 1 0 -1 300 9 1119 0.653472579222 0.482412713811
counter is 1120
10 30 0 0 -1 0 -1 10 5 1120 0.70644666763 0.74951308097
counter is 1121
10 30 0 0 -1 0 -1 10 7 1121 0.538833180209 0.53226308097
counter is 1122
10 30 0 0 -1 0 -1 10 8 1122 0.427666412703 0.42912308097
counter is 1123
10 30 0 0 -1 0 -1 10 9 1123 -0.236477348075 0.19522308097
counter is 1124
10 30 0 0 -1 0 -1 30 5 1124 0.801077578353 0.749955323938
counter is 1125
10 30 0 0 -1 0 -1 30 7 1125 0.676348318015 0.591985323938
counter is 1126
10 30 0 0 -1 0 -1 30 8 1126 0.529451483788 0.487595323938
counter is 1127
10 30 0 0 -1 0 -1 30 9 1127 0.0955135062358 0.364225323938
counter is 1128
10 30 0 0 -1 0 -1 90 5 1128 0.677884171424 0.579624819452
counter is 1129
10 30 0 0 -1 0 -1 90 7 1129 0.545296781686 0.478684819452
counter is 1130
10 30 0 0 -1 0 -1 90 8 1130 0.999019580957 0.573384819452
counter is 1131
10 30 0 0 -1 0 -1 90 9 1131 0.970897100337 0.488384819452
counter is 1132
10 30 0 0 -1 0 -1 300 5 1132 0.434652011417 0.429682713811
counter is 1133
10 30 0 0 -1 0 -1 300 7 1133 0.708629552378 0.501012713811
counter is 1134
10 30 0 0 -1 0 -1 300 8 1134 0.45746622307 0.449802713811
counter is 1135
10 30 0 0 -1 0 -1 300 9 1135 0.253588555472 0.432362713811
counter is 1136
10 30 0 0 1 0 -1 10 5 1136 0.415490263856 0.49128308097
counter is 1137
10 30 0 0 1 0 -1 10 7 1137 0.356543569996 0.41883308097
counter is 1138
10 30 0 0 1 0 -1 10 8 1138 0.229033510467 0.33567308097
counter is 1139
10 30 0 0 1 0 -1 10 9 1139 0.242358199749 0.32878308097
counter is 1140
10 30 0 0 1 0 -1 30 5 1140 0.303030272003 0.390835323938
counter is 1141
10 30 0 0 1 0 -1 30 7 1141 0.384324228702 0.443075323938
counter is 1142
10 30 0 0 1 0 -1 30 8 1142 0.40466445201 0.441575887044
counter is 1143
10 30 0 0 1 0 -1 30 9 1143 0.154789471178 0.372485323938
counter is 1144
10 30 0 0 1 0 -1 90 5 1144 0.477702598634 0.472324819452
counter is 1145
10 30 0 0 1 0 -1 90 7 1145 -0.236812175171 0.227464819452
counter is 1146
10 30 0 0 1 0 -1 90 8 1146 -0.117519579339 0.299564819452
counter is 1147
10 30 0 0 1 0 -1 90 9 1147 -0.0402855682505 0.340854819452
counter is 1148
10 30 0 0 1 0 -1 300 5 1148 0.383038599796 0.418802713811
counter is 1149
10 30 0 0 1 0 -1 300 7 1149 0.581611347574 0.481222713811
counter is 1150
10 30 0 0 1 0 -1 300 8 1150 0.817265734859 0.501242713811
counter is 1151
10 30 0 0 1 0 -1 300 9 1151 0.719783701428 0.487112713811
